2.5930826663970947
2.5056889057159424
2.403642416000366
2.5036263465881348
2.5525624752044678
2.5615310668945312
2.580878257751465
2.3801119327545166
2.453036308288574
2.4040656089782715
2.5324015617370605
2.4288671016693115
2.4470503330230713
2.442716121673584
2.3843419551849365
2.4150352478027344
2.3949785232543945
2.383676052093506
2.3787572383880615
2.423537254333496
2.379384756088257
2.3525662422180176
2.4327809810638428
2.360579252243042
2.369211196899414
2.4049899578094482
2.349243640899658
2.399482250213623
2.3992486000061035
2.306574583053589
2.409172296524048
2.359842300415039
2.3158183097839355
2.3795888423919678
2.311023712158203
2.386373281478882
2.37162709236145
2.2811529636383057
2.241248607635498
2.30476450920105
2.2580437660217285
2.290674924850464
2.3188154697418213
2.3282058238983154
2.248415231704712
2.3524723052978516
2.219794511795044
2.3056511878967285
2.2550435066223145
2.3159730434417725
2.28460693359375
2.2673122882843018
2.245683193206787
2.2790305614471436
2.2620482444763184
2.235969066619873
2.2842962741851807
2.301485300064087
2.2847938537597656
2.28973650932312
2.281446695327759
2.2475757598876953
2.2118680477142334
2.1950793266296387
2.149224042892456
2.1273388862609863
2.2246458530426025
2.1937625408172607
2.2574524879455566
2.2040791511535645
2.2157671451568604
2.145198106765747
2.2835421562194824
2.1387624740600586
2.2936277389526367
2.1796584129333496
2.166541814804077
2.2239089012145996
2.2624099254608154
2.230234384536743
2.194551944732666
2.20182466506958
2.1565449237823486
2.1705455780029297
2.1956868171691895
2.2171685695648193
2.2438392639160156
2.213073968887329
2.1512515544891357
2.1928889751434326
2.148698091506958
2.1495814323425293
2.160839557647705
2.1628000736236572
2.128739595413208
2.13985538482666
2.1172657012939453
2.168449878692627
2.164630889892578
2.1642775535583496
2.183776617050171
2.1590089797973633
2.1289310455322266
2.1385130882263184
2.1256046295166016
2.173076868057251
2.187135934829712
2.1293859481811523
2.143282175064087
2.110804796218872
2.158365488052368
2.131901741027832
2.0778229236602783
2.0598857402801514
2.166332960128784
2.1193323135375977
2.123063564300537
2.0321848392486572
2.0884604454040527
2.068648338317871
2.156113624572754
2.148068904876709
2.0330991744995117
2.042625665664673
2.0829696655273438
2.0304203033447266
2.055833339691162
2.060657262802124
2.105142593383789
2.0903635025024414
2.0593643188476562
2.112650156021118
2.0840072631835938
2.111257553100586
2.075015068054199
2.0256547927856445
2.067739963531494
2.094101667404175
2.079441547393799
2.0500779151916504
2.033087730407715
2.0469350814819336
2.1005215644836426
2.0903024673461914
2.096778631210327
2.032261371612549
1.9939675331115723
1.9899957180023193
2.047380208969116
2.0329806804656982
2.080599546432495
2.0551180839538574
2.103360652923584
2.0100889205932617
2.0448029041290283
2.0018105506896973
2.0485751628875732
1.9986329078674316
2.0525078773498535
1.9969611167907715
2.0663740634918213
2.023212432861328
2.07596755027771
2.0746231079101562
2.076124668121338
2.0185954570770264
1.9746875762939453
2.0123291015625
1.9942723512649536
1.9766649007797241
1.995419979095459
2.060011863708496
2.0436575412750244
1.9710179567337036
1.9999823570251465
2.0061142444610596
2.0410966873168945
2.0310685634613037
1.9918882846832275
1.9741085767745972
2.0176174640655518
2.049816846847534
1.9233496189117432
1.980583906173706
1.937412142753601
1.9745439291000366
1.892278790473938
1.9673490524291992
1.884866714477539
1.9443188905715942
1.945945382118225
1.987076759338379
1.968919277191162
1.9330717325210571
1.9857258796691895
1.9639074802398682
1.9612772464752197
1.966431975364685
1.9430577754974365
1.9349851608276367
1.927643895149231
1.9281309843063354
1.9391363859176636
1.940185546875
1.9697308540344238
1.8461123704910278
1.8827054500579834
1.9579461812973022
1.896201729774475
1.9607752561569214
2.02952241897583
1.9854408502578735
1.8807690143585205
1.906606674194336
1.922252893447876
1.916352391242981
1.883980631828308
1.8891491889953613
1.8987500667572021
1.8911802768707275
1.9022529125213623
1.8936268091201782
1.9262259006500244
1.9336369037628174
1.9207849502563477
1.9431893825531006
1.8493367433547974
1.856091022491455
1.9171741008758545
1.816673994064331
1.8183064460754395
1.8520478010177612
1.846815824508667
1.893768548965454
1.8616559505462646
1.9652262926101685
1.8772209882736206
1.8328733444213867
1.8350908756256104
1.8233909606933594
1.8101576566696167
1.8190799951553345
1.8931108713150024
1.8373527526855469
1.8478474617004395
1.9156593084335327
1.849560260772705
1.906186580657959
1.8555908203125
1.846036672592163
1.8331949710845947
1.8456060886383057
1.8501428365707397
1.8245283365249634
1.8663949966430664
1.8575340509414673
1.8303409814834595
1.8100861310958862
1.8514999151229858
1.8391928672790527
1.8258206844329834
1.834741473197937
1.8127797842025757
1.8778420686721802
1.8103971481323242
1.8558422327041626
1.8025329113006592
1.7931129932403564
1.8297175168991089
1.7613228559494019
1.8711705207824707
1.7770960330963135
1.821710228919983
1.757238507270813
1.8013100624084473
1.8747748136520386
1.7369781732559204
1.7773582935333252
1.766426920890808
1.8957874774932861
1.818179726600647
1.7700170278549194
1.7486335039138794
1.781294822692871
1.8143846988677979
1.698461890220642
1.7466708421707153
1.798579454421997
1.7405091524124146
1.757362961769104
1.725204348564148
1.7187261581420898
1.779284119606018
1.7585234642028809
1.822640299797058
1.727626085281372
1.8035926818847656
1.7337132692337036
1.684430480003357
1.7836591005325317
1.8052455186843872
1.7977416515350342
1.7119241952896118
1.707889437675476
1.8023542165756226
1.7214843034744263
1.7818304300308228
1.7595126628875732
1.7171881198883057
1.7583153247833252
1.7104076147079468
1.7666552066802979
1.690209984779358
1.7149779796600342
1.6719675064086914
1.7128806114196777
1.6971484422683716
1.6726876497268677
1.7135310173034668
1.7381362915039062
1.685704231262207
1.74076247215271
1.7123454809188843
1.7259507179260254
1.7100703716278076
1.6425191164016724
1.6968334913253784
1.6338658332824707
1.6528394222259521
1.7051563262939453
1.7060712575912476
1.6377296447753906
1.7065709829330444
1.6651898622512817
1.6498723030090332
1.7334299087524414
1.6363296508789062
1.5841529369354248
1.6420965194702148
1.664847493171692
1.65293550491333
1.7452961206436157
1.6265274286270142
1.5735447406768799
1.6283981800079346
1.623541235923767
1.6395243406295776
1.6380492448806763
1.6343716382980347
1.6818891763687134
1.6738042831420898
1.6423698663711548
1.6688462495803833
1.6731986999511719
1.6351561546325684
1.6087137460708618
1.6728997230529785
1.6345899105072021
1.5529612302780151
1.632409930229187
1.6730860471725464
1.623561143875122
1.6865824460983276
1.6857644319534302
1.490539789199829
1.6063733100891113
1.6189086437225342
1.6329436302185059
1.6160577535629272
1.5872200727462769
1.6771724224090576
1.5690195560455322
1.5506528615951538
1.6488420963287354
1.5995172262191772
1.5354430675506592
1.597303867340088
1.614306926727295
1.587729811668396
1.556713581085205
1.5058937072753906
1.569830298423767
1.55374276638031
1.567652702331543
1.507869005203247
1.5770328044891357
1.5471816062927246
1.4982823133468628
1.5229322910308838
1.5020270347595215
1.5236412286758423
1.5294857025146484
1.5276521444320679
1.657097578048706
1.5609097480773926
1.5375934839248657
1.5602091550827026
1.5493744611740112
1.5775830745697021
1.5116232633590698
1.5635936260223389
1.5120192766189575
1.4694952964782715
1.5352978706359863
1.5705620050430298
1.5218089818954468
1.5164048671722412
1.490978479385376
1.45683753490448
1.558619737625122
1.5233556032180786
1.4817041158676147
1.5586721897125244
1.5719516277313232
1.541215419769287
1.5868515968322754
1.5340442657470703
1.5038503408432007
1.5480657815933228
1.4746826887130737
1.5009783506393433
1.4680124521255493
1.5290690660476685
1.5044634342193604
1.5190414190292358
1.5106996297836304
1.504362940788269
1.4498716592788696
1.4428627490997314
1.4770562648773193
1.4435631036758423
1.4344514608383179
1.524795651435852
1.4938812255859375
1.4628709554672241
1.382707953453064
1.5000569820404053
1.4521349668502808
1.4155094623565674
1.4811612367630005
1.4120296239852905
1.4839788675308228
1.4365311861038208
1.4376991987228394
1.4375959634780884
1.4259746074676514
1.464522361755371
1.4584718942642212
1.4059110879898071
1.516413688659668
1.316564679145813
1.473502516746521
1.4646215438842773
1.341967225074768
1.486045241355896
1.411429524421692
1.4114638566970825
1.4324805736541748
1.4125854969024658
1.5021098852157593
1.4877221584320068
1.4538911581039429
1.3705679178237915
1.3132461309432983
1.4330450296401978
1.4241628646850586
1.4209415912628174
1.4254871606826782
1.4626117944717407
1.4322237968444824
1.3413078784942627
1.3201792240142822
1.351549744606018
1.368524432182312
1.3947166204452515
1.418360710144043
1.3870090246200562
1.4126777648925781
1.322854995727539
1.4251353740692139
1.3295927047729492
1.5217044353485107
1.3108328580856323
1.326852798461914
1.2955145835876465
1.4535373449325562
1.4124324321746826
1.3693885803222656
1.3188823461532593
1.409011960029602
1.3736191987991333
1.2422761917114258
1.4347867965698242
1.2906396389007568
1.3874300718307495
1.286934733390808
1.4159953594207764
1.2686684131622314
1.391412615776062
1.3815890550613403
1.3650153875350952
1.374712347984314
1.2856285572052002
1.3478009700775146
1.2551567554473877
1.3242443799972534
1.357158899307251
1.3331302404403687
1.2775324583053589
1.3467998504638672
1.3289995193481445
1.3191229104995728
1.2829822301864624
1.402414321899414
1.3332810401916504
1.2991315126419067
1.3884923458099365
1.3007841110229492
1.2992846965789795
1.3380569219589233
1.3475998640060425
1.295343041419983
1.3497531414031982
1.3245033025741577
1.20149564743042
1.2569035291671753
1.2672464847564697
1.2564524412155151
1.2065850496292114
1.3044583797454834
1.204250693321228
1.3259249925613403
1.234175682067871
1.2590349912643433
1.2597694396972656
1.2257603406906128
1.1251193284988403
1.2356582880020142
1.2266476154327393
1.3124754428863525
1.2328674793243408
1.2496110200881958
1.2199029922485352
1.2251355648040771
1.2854714393615723
1.3431496620178223
1.165013313293457
1.198720097541809
1.2228212356567383
1.2366023063659668
1.1936559677124023
1.2331706285476685
1.2465577125549316
1.2645113468170166
1.2066153287887573
1.260367512702942
1.2092804908752441
1.2126423120498657
1.1817177534103394
1.2853800058364868
1.2822800874710083
1.2450100183486938
1.2085840702056885
1.1120446920394897
1.0836941003799438
1.1854459047317505
1.2263013124465942
1.2441014051437378
1.2672948837280273
1.2019445896148682
1.2147002220153809
1.113865852355957
1.2342463731765747
1.3078267574310303
1.1801226139068604
1.1732537746429443
1.1398344039916992
1.2519546747207642
1.1390941143035889
1.0937650203704834
1.1226469278335571
1.265173316001892
1.2448444366455078
1.225418210029602
1.0912474393844604
1.1901774406433105
1.151747703552246
1.0856704711914062
1.0146044492721558
1.2101269960403442
1.14628005027771
1.1561753749847412
1.074432134628296
1.216597557067871
1.1269375085830688
1.1317960023880005
1.2339625358581543
1.1145212650299072
1.1583470106124878
1.2488707304000854
1.049561858177185
1.1225523948669434
1.1024388074874878
1.2099486589431763
1.2077052593231201
1.0934473276138306
1.1187678575515747
1.1763713359832764
1.1050275564193726
1.0835121870040894
1.0852118730545044
1.1532260179519653
1.281219482421875
1.0805554389953613
1.1374919414520264
1.0856170654296875
1.191298007965088
1.1111364364624023
1.0859200954437256
1.1005202531814575
1.12118399143219
1.1526527404785156
1.051696538925171
1.0476809740066528
1.1527081727981567
1.101231336593628
1.0746549367904663
1.111436128616333
1.1300467252731323
1.1517053842544556
1.0878727436065674
1.1023608446121216
1.0954207181930542
1.0984612703323364
1.04178786277771
1.1209437847137451
1.020293951034546
1.0913281440734863
1.0998210906982422
1.114284634590149
1.0786521434783936
1.0572268962860107
1.0612671375274658
1.0771331787109375
1.137406826019287
1.0245280265808105
1.0690934658050537
1.018465518951416
1.1092216968536377
1.1274299621582031
1.0446670055389404
1.1010574102401733
1.0221744775772095
0.9845392107963562
1.1174057722091675
1.0608655214309692
1.0267903804779053
1.1247828006744385
1.0592132806777954
1.1333212852478027
1.0603893995285034
0.9701939225196838
1.1398108005523682
1.0315066576004028
1.0885214805603027
1.0538078546524048
0.8477796912193298
1.0385018587112427
0.9919216632843018
1.0635591745376587
1.0253998041152954
0.9947892427444458
1.1003072261810303
1.0060651302337646
1.0153826475143433
1.0369755029678345
1.0727176666259766
1.0197834968566895
1.1341322660446167
1.0384517908096313
1.0669835805892944
0.9562841653823853
0.95832359790802
0.9821718335151672
1.082218885421753
0.921704888343811
0.9787079095840454
0.9414860010147095
1.0889405012130737
1.0104724168777466
1.0627930164337158
0.9625831842422485
1.0363774299621582
0.9195888042449951
1.0395764112472534
0.9105751514434814
1.1299093961715698
1.0022364854812622
1.0026553869247437
0.9839314222335815
0.9821401834487915
1.0032756328582764
0.9914248585700989
0.9205300211906433
1.0481644868850708
0.9405882358551025
0.9324719905853271
0.9126843810081482
0.9971195459365845
0.9658175706863403
0.9703564047813416
1.0517085790634155
0.9907468557357788
0.9940901398658752
0.9883714914321899
0.9674182534217834
0.8772989511489868
1.0269092321395874
0.980692446231842
0.9090725183486938
1.0024858713150024
0.880993127822876
0.9379218816757202
0.9422317743301392
0.9718712568283081
0.9966068267822266
0.9425852298736572
0.8994486331939697
0.9553173780441284
0.957767903804779
0.9166086912155151
0.9207446575164795
1.0395328998565674
0.9197162389755249
0.9856202006340027
0.9554964303970337
0.975742757320404
0.9322896599769592
0.8944817781448364
0.9022743701934814
0.9525424838066101
0.966349720954895
0.9503189325332642
0.8960844278335571
0.9045798778533936
0.9591085910797119
0.8842441439628601
0.9756760597229004
0.9988967180252075
0.8716384768486023
0.9905466437339783
0.9036946892738342
1.0087237358093262
0.9274466037750244
0.9385474324226379
0.9668706059455872
0.9080419540405273
0.919011652469635
0.880963146686554
0.9184174537658691
0.8759329319000244
0.8677128553390503
0.8765649795532227
0.8415100574493408
0.9190161824226379
1.0638666152954102
0.8666700720787048
0.9841569662094116
0.9140424728393555
1.007981777191162
0.9543594121932983
0.8761167526245117
0.8968921899795532
0.9165337681770325
0.8734551072120667
0.898502767086029
0.9175567626953125
0.9787951707839966
0.8788381218910217
0.8254393339157104
0.7407291531562805
0.9614578485488892
0.8949686288833618
0.9166987538337708
0.8418822288513184
0.9374983906745911
0.8193703889846802
0.9039530158042908
0.9262582063674927
0.9766185879707336
0.8194098472595215
0.9487496614456177
0.8442087769508362
0.8388222455978394
0.8452242612838745
0.7720963358879089
0.8834196329116821
0.8725826740264893
0.9111452102661133
0.8264882564544678
0.819961428642273
0.8219122886657715
0.8184165358543396
0.7722830176353455
0.7361137866973877
0.843385636806488
0.823750376701355
0.8333136439323425
0.8476807475090027
0.8804965615272522
0.8556725978851318
0.782031774520874
0.984039306640625
0.9766613841056824
0.865630030632019
0.8302977085113525
0.9237704277038574
0.8308539986610413
0.9112288951873779
0.8655807375907898
0.7411503791809082
0.7017892003059387
0.7358090281486511
0.7251078486442566
0.8489595055580139
0.9028292894363403
0.8483662605285645
0.7612825632095337
0.8589423298835754
0.7795653939247131
0.7962990999221802
0.9460152983665466
0.844814658164978
0.7255379557609558
0.7151047587394714
0.7010086178779602
0.8876024484634399
0.9896073341369629
0.798767626285553
0.7299411296844482
0.8119200468063354
0.8445075154304504
0.7921922206878662
0.8148342967033386
0.8420697450637817
0.7339913845062256
0.7394718527793884
0.7731631398200989
0.8485151529312134
0.762170672416687
0.8902239799499512
0.7309538125991821
0.8119697570800781
0.861673891544342
0.9220234155654907
0.961174726486206
0.846524178981781
0.7950080633163452
0.7827233076095581
0.7796728610992432
0.868949830532074
0.8943018317222595
0.8082423806190491
0.7208846211433411
0.6600833535194397
0.8182826042175293
0.7448407411575317
0.8199693560600281
0.8303087949752808
0.9161401391029358
0.8439426422119141
0.7956526875495911
0.8334586024284363
0.8088217973709106
0.6978756785392761
0.828784704208374
0.8219985961914062
0.7599199414253235
0.891775369644165
0.735048234462738
0.8124076724052429
0.8490464091300964
0.7161288857460022
0.6974475979804993
0.7319092154502869
0.8778637647628784
0.8046133518218994
0.8514974117279053
0.7834517955780029
0.7097867131233215
0.8571224808692932
0.7599628567695618
0.6532020568847656
0.7915511727333069
0.8031815886497498
0.7219491600990295
0.7330055832862854
0.7539356350898743
0.7237375378608704
0.7468677163124084
0.7444260120391846
0.8518929481506348
0.813504695892334
0.6972225308418274
0.725204348564148
0.8301304578781128
0.6961026787757874
0.7569051384925842
0.7022902369499207
0.7440606355667114
0.6620452404022217
0.8328815698623657
0.7484129667282104
0.7153379917144775
0.7174856662750244
0.7235647439956665
0.7681200504302979
0.8311940431594849
0.8441045880317688
0.7008793354034424
0.8031743764877319
0.6944332718849182
0.7434315085411072
0.7732125520706177
0.8214138746261597
0.8270845413208008
0.7686903476715088
0.8548224568367004
0.592384934425354
0.7429786920547485
0.7567734718322754
0.6993730068206787
0.6992136240005493
0.7560281157493591
0.7541941404342651
0.78543621301651
0.7789420485496521
0.6812134981155396
0.7933937907218933
0.7447507977485657
0.7491970062255859
0.7125725746154785
0.752001166343689
0.6558914184570312
0.6951069831848145
0.8331880569458008
0.6700382232666016
0.7816051840782166
0.7008675336837769
0.7705169320106506
0.8420751094818115
0.7718476057052612
0.6650350093841553
0.7059442400932312
0.7476272583007812
0.8344221711158752
0.732489824295044
0.6844321489334106
0.7581366896629333
0.6689469814300537
0.7894254326820374
0.7104036211967468
0.7184451222419739
0.6174406409263611
0.7713838219642639
0.7265076041221619
0.7534102201461792
0.6770367622375488
0.7867869734764099
0.7415025234222412
0.7390012145042419
0.7452622652053833
0.7113420367240906
0.6871743202209473
0.7212076187133789
0.7250326871871948
0.6693854331970215
0.6583768129348755
0.7382389307022095
0.7883895635604858
0.6653016805648804
0.7282634377479553
0.690750241279602
0.7131161689758301
0.6253771781921387
0.7231850624084473
0.6617782711982727
0.7563096284866333
0.6156787872314453
0.7029736638069153
0.7328343391418457
0.7038781642913818
0.7959683537483215
0.6526475548744202
0.6342335939407349
0.6910462975502014
0.5561975836753845
0.6612871289253235
0.7423693537712097
0.7206137180328369
0.6491194367408752
0.6238071322441101
0.6361868381500244
0.7514268159866333
0.6792325973510742
0.681693434715271
0.687579333782196
0.5804442763328552
0.6922070384025574
0.706008791923523
0.69557785987854
0.729580283164978
0.6529147028923035
0.6753004789352417
0.6749832034111023
0.7415491938591003
0.7036101222038269
0.7135934233665466
0.7086036205291748
0.7015028595924377
0.6703264713287354
0.564644455909729
0.6394966840744019
0.703809916973114
0.6155620813369751
0.5924689769744873
0.7312313318252563
0.6703698635101318
0.616086483001709
0.6210561990737915
0.6031837463378906
0.6401506066322327
0.6300508379936218
0.6557005643844604
0.6040232181549072
0.7162482142448425
0.6964066624641418
0.6244606971740723
0.661844789981842
0.6969377994537354
0.606152355670929
0.6416763663291931
0.6412760019302368
0.7894542813301086
0.544950544834137
0.620992124080658
0.7006219029426575
0.6389977335929871
0.5946642756462097
0.6590081453323364
0.6763085722923279
0.5809894800186157
0.5916569828987122
0.6712343692779541
0.71443110704422
0.7430727481842041
0.6201498508453369
0.5798308849334717
0.5130354762077332
0.7046747207641602
0.7090370655059814
0.4778323173522949
0.6517056822776794
0.6922619342803955
0.7225151658058167
0.6975429654121399
0.6931490898132324
0.608477771282196
0.5429871082305908
0.7577996850013733
0.4668769836425781
0.6262745261192322
0.5919580459594727
0.6737650036811829
0.7107902765274048
0.7208197712898254
0.5829357504844666
0.5548102855682373
0.5848433971405029
0.7169508934020996
0.6386447548866272
0.6819882392883301
0.6043435335159302
0.7141687870025635
0.5915823578834534
0.6777119040489197
0.6756161451339722
0.7050119042396545
0.6546083688735962
0.5761224627494812
0.6151266694068909
0.6067248582839966
0.6061303019523621
0.5929086804389954
0.5798753499984741
0.6491344571113586
0.6633932590484619
0.6914340853691101
0.6582774519920349
0.5939551591873169
0.5538708567619324
0.629760205745697
0.44472363591194153
0.547294557094574
0.6019079685211182
0.7317443490028381
0.6296215653419495
0.611210286617279
0.6895062327384949
0.6846757531166077
0.5706077218055725
0.5975505113601685
0.5369059443473816
0.7393279671669006
0.7636723518371582
0.6105621457099915
0.676510214805603
0.6455316543579102
0.5948638916015625
0.6222346425056458
0.7194216847419739
0.5972875952720642
0.6203104257583618
0.6190271377563477
0.7035858631134033
0.6492489576339722
0.6133977174758911
0.6591198444366455
0.5900265574455261
0.6196856498718262
0.6300221085548401
0.6452444195747375
0.7261701822280884
0.5761317014694214
0.6075228452682495
0.5730015635490417
0.5613831281661987
0.6768139004707336
0.5098572969436646
0.6775510311126709
0.6126115322113037
0.546006977558136
0.5564743876457214
0.6193307638168335
0.7095736265182495
0.8013466596603394
0.5796496868133545
0.6239270567893982
0.6668815612792969
0.6445215940475464
0.6797382831573486
0.61803138256073
0.633821427822113
0.6410657167434692
0.547024667263031
0.8074457049369812
0.5735727548599243
0.6266867518424988
0.5777584314346313
0.6168044209480286
0.5006096959114075
0.5428951978683472
0.49400800466537476
0.5245596170425415
0.6622850894927979
0.5029154419898987
0.6185831427574158
0.5325816869735718
0.5980097055435181
0.7314035892486572
0.5698022246360779
0.5102320313453674
0.6425991654396057
0.555271565914154
0.5351142883300781
0.5834510326385498
0.5579841732978821
0.5281981229782104
0.5812813639640808
0.5526867508888245
0.59695965051651
0.646163821220398
0.632218062877655
0.5625630021095276
0.6433089971542358
0.6031716465950012
0.5817265510559082
0.5843678116798401
0.668639600276947
0.5032030940055847
0.5996022820472717
0.6166024208068848
0.6171585321426392
0.5437286496162415
0.6151490807533264
0.6009988188743591
0.6676719784736633
0.491407185792923
0.6455058455467224
0.7694754004478455
0.6000125408172607
0.5772301554679871
0.7310153245925903
0.6169922351837158
0.517266035079956
0.5684341192245483
0.6825612783432007
0.5942919254302979
0.6335089206695557
0.6906855702400208
0.7068583369255066
0.7005090713500977
0.5736401677131653
0.4941253066062927
0.6570525169372559
0.5279037952423096
0.5789604187011719
0.645588755607605
0.6540361046791077
0.6189383268356323
0.5200827121734619
0.6363803744316101
0.4966157078742981
0.6158334612846375
0.5445938110351562
0.682229220867157
0.5784421563148499
0.5608609914779663
0.5364773869514465
0.5353213548660278
0.6381102800369263
0.6163498163223267
0.5983431935310364
0.5361951589584351
0.5552592277526855
0.5235901474952698
0.5174028873443604
0.501535177230835
0.45401233434677124
0.4793942868709564
0.5633628368377686
0.5545182824134827
0.5667265057563782
0.4345783293247223
0.5316806435585022
0.6306731104850769
0.5403209328651428
0.6369433999061584
0.5838623046875
0.5981003046035767
0.48881688714027405
0.5690137147903442
0.5250513553619385
0.5074423551559448
0.6399472951889038
0.5308264493942261
0.6257247924804688
0.5301821827888489
0.5252251625061035
0.6218761801719666
0.481789767742157
0.6527758240699768
0.5860071182250977
0.5836213231086731
0.582309901714325
0.566608190536499
0.553072452545166
0.5660474896430969
0.6068950295448303
0.5319493412971497
0.5624436140060425
0.736363410949707
0.5661085247993469
0.6881300210952759
0.5884131789207458
0.5560768842697144
0.6595450639724731
0.6146897077560425
0.5477854013442993
0.6026828289031982
0.4882977306842804
0.5805508494377136
0.5894778966903687
0.5580304265022278
0.5579478740692139
0.4853605329990387
0.6003907322883606
0.5488706827163696
0.5458694696426392
0.5948949456214905
0.5354450941085815
0.5389704704284668
0.5595051646232605
0.5864388942718506
0.5628031492233276
0.5905359387397766
0.6176455020904541
0.5147566199302673
0.48948636651039124
0.5713137984275818
0.5404277443885803
0.4911114573478699
0.5509616732597351
0.6265209317207336
0.5229863524436951
0.4892421066761017
0.4638015329837799
0.5547177195549011
0.5629315376281738
0.5328770279884338
0.44168710708618164
0.5310226678848267
0.6251010894775391
0.4796760082244873
0.6086429357528687
0.5136343836784363
0.5199949741363525
0.5475054979324341
0.46979328989982605
0.48923105001449585
0.5488333702087402
0.4734180271625519
0.54360032081604
0.4801485538482666
0.46682050824165344
0.5615715384483337
0.6163588762283325
0.4958237409591675
0.540209174156189
0.5570880174636841
0.5078054070472717
0.441485732793808
0.6298431754112244
0.49306392669677734
0.49947482347488403
0.5102388858795166
0.6136212348937988
0.6440316438674927
0.5581093430519104
0.6337080597877502
0.5486435890197754
0.528861939907074
0.4856621325016022
0.5502886772155762
0.5465232133865356
0.477018803358078
0.46215441823005676
0.5526841282844543
0.5190529227256775
0.5449565052986145
0.5375688076019287
0.5328902006149292
0.4191696047782898
0.6556987166404724
0.5655316710472107
0.6497073769569397
0.517147421836853
0.4486808776855469
0.4673580527305603
0.5839840173721313
0.43772217631340027
0.4901229441165924
0.5085625052452087
0.4827394485473633
0.6103745102882385
0.44446825981140137
0.5043712854385376
0.520611584186554
0.4777277410030365
0.7307519912719727
0.5875603556632996
0.5876582264900208
0.5072427988052368
0.5569477677345276
0.5253844261169434
0.48414573073387146
0.3742481470108032
0.4499801993370056
0.5187841653823853
0.42271777987480164
0.48208510875701904
0.5920005440711975
0.4750834107398987
0.42546093463897705
0.583232581615448
0.5367121696472168
0.4766373336315155
0.48745647072792053
0.6035037040710449
0.5180010199546814
0.5427317023277283
0.5005764365196228
0.45780664682388306
0.49955981969833374
0.4337877035140991
0.5352262258529663
0.45204615592956543
0.4105446934700012
0.4974380433559418
0.4660980999469757
0.5976253747940063
0.4773274064064026
0.5472373366355896
0.48809584975242615
0.6026278138160706
0.48411157727241516
0.46596553921699524
0.5970339179039001
0.5089618563652039
0.5414043664932251
0.5394411087036133
0.4758456349372864
0.4367694556713104
0.5509018301963806
0.45037081837654114
0.4937448501586914
0.535062849521637
0.5491331815719604
0.5233525633811951
0.5039203763008118
0.3908311724662781
0.47935229539871216
0.46637269854545593
0.6304444074630737
0.48700469732284546
0.5319713354110718
0.5041443705558777
0.6113299131393433
0.5642585158348083
0.5742113590240479
0.4410681128501892
0.4557178318500519
0.4761388897895813
0.5432830452919006
0.44381898641586304
0.5591158270835876
0.5410966277122498
0.4829980731010437
0.4959188997745514
0.35154733061790466
0.46347177028656006
0.4485577344894409
0.6191787719726562
0.6409242153167725
0.5352078676223755
0.49667543172836304
0.4625657796859741
0.6533075571060181
0.5013015270233154
0.4971853494644165
0.44935739040374756
0.5184575319290161
0.5226995944976807
0.5104819536209106
0.5070849061012268
0.5699064135551453
0.4516459107398987
0.41430923342704773
0.4243431091308594
0.3991696238517761
0.5447033643722534
0.5175060033798218
0.4988136887550354
0.5022537112236023
0.5676469206809998
0.5288082957267761
0.5153351426124573
0.4970567226409912
0.5260039567947388
0.4490707516670227
0.5375304222106934
0.4651796817779541
0.4398155212402344
0.5265077352523804
0.6273042559623718
0.4999658763408661
0.3793451488018036
0.5561608672142029
0.4812699556350708
0.5484071373939514
0.5129296183586121
0.38960790634155273
0.6488075256347656
0.5802195072174072
0.534546971321106
0.5190601944923401
0.45171940326690674
0.3689180016517639
0.4123939871788025
0.4808831512928009
0.36502304673194885
0.42272552847862244
0.46723780035972595
0.5025500655174255
0.4607452154159546
0.5954708456993103
0.38034921884536743
0.4954700767993927
0.4050675630569458
0.46824371814727783
0.4995521903038025
0.3676876127719879
0.5630307197570801
0.5288054943084717
0.4574759006500244
0.44580239057540894
0.40299928188323975
0.4599408507347107
0.5352506041526794
0.4790256917476654
0.46655240654945374
0.3796825706958771
0.47611576318740845
0.38326144218444824
0.5124328136444092
0.4228670299053192
0.40917980670928955
0.5118517875671387
0.394957035779953
0.5821520686149597
0.39992257952690125
0.4069178104400635
0.5785021781921387
0.47475162148475647
0.45835673809051514
0.44177553057670593
0.4845487177371979
0.4980270266532898
0.44533777236938477
0.5687123537063599
0.3921385109424591
0.4837442934513092
0.3643791675567627
0.4852443337440491
0.6160680651664734
0.5470845699310303
0.5703974962234497
0.5196641087532043
0.34719038009643555
0.5365938544273376
0.49977055191993713
0.4967254400253296
0.5105559825897217
0.45190128684043884
0.6164491176605225
0.4898492693901062
0.4497019946575165
0.30886390805244446
0.29875391721725464
0.4618625342845917
0.40381893515586853
0.3695293962955475
0.502345621585846
0.576423168182373
0.4666391611099243
0.4541740119457245
0.4577578008174896
0.3920348882675171
0.35490813851356506
0.5772358179092407
0.460729718208313
0.44305455684661865
0.40880852937698364
0.4947269558906555
0.36836957931518555
0.48356109857559204
0.5158898234367371
0.5057247877120972
0.43159210681915283
0.4132695198059082
0.4520241916179657
0.4642110764980316
0.5151901841163635
0.5015294551849365
0.38164159655570984
0.5259978175163269
0.5541646480560303
0.4894508123397827
0.5230559706687927
0.5059044361114502
0.5626683235168457
0.4414592981338501
0.5125484466552734
0.35673999786376953
0.43243205547332764
0.4166654050350189
0.5686958432197571
0.4568796753883362
0.5060338973999023
0.40712830424308777
0.4643716514110565
0.4751327931880951
0.334102600812912
0.4315945506095886
0.46315786242485046
0.39489996433258057
0.41071927547454834
0.5085734128952026
0.5424286127090454
0.46215781569480896
0.4323081076145172
0.5088034272193909
0.593643307685852
0.35229063034057617
0.3926669955253601
0.4485049843788147
0.5647835731506348
0.6028858423233032
0.4339374899864197
0.47222161293029785
0.38594064116477966
0.414615273475647
0.4387902617454529
0.47862717509269714
0.4208178222179413
0.5112635493278503
0.4581418037414551
0.48532918095588684
0.566591203212738
0.4755503535270691
0.5597299933433533
0.5037631988525391
0.3906908333301544
0.5009995698928833
0.36643239855766296
0.5571248531341553
0.4473018944263458
0.5299538969993591
0.43457961082458496
0.45879998803138733
0.37388139963150024
0.3850477933883667
0.556585967540741
0.4056403636932373
0.5670961737632751
0.5026474595069885
0.4900144040584564
0.4979191720485687
0.44807982444763184
0.4628613293170929
0.42068374156951904
0.5372779369354248
0.3559213876724243
0.5502345561981201
0.4889495074748993
0.42953363060951233
0.5433846712112427
0.42656195163726807
0.38151636719703674
0.5383338928222656
0.6048114895820618
0.5002260208129883
0.3895825445652008
0.4387045204639435
0.5015137791633606
0.46813178062438965
0.4470698833465576
0.3631711006164551
0.38971230387687683
0.4477390944957733
0.416888564825058
0.48107635974884033
0.4479423463344574
0.5432757139205933
0.6080726981163025
0.43166399002075195
0.4717402458190918
0.41476717591285706
0.401958167552948
0.33628275990486145
0.4896961450576782
0.47722071409225464
0.4297519624233246
0.2957767844200134
0.514860987663269
0.45952650904655457
0.5095129013061523
0.5122422575950623
0.4908667802810669
0.5502879023551941
0.4376758337020874
0.4462660849094391
0.4737994372844696
0.4712701737880707
0.4093952178955078
0.33083784580230713
0.39096423983573914
0.31768694519996643
0.5153380036354065
0.44339945912361145
0.3890760540962219
0.456695556640625
0.4529712200164795
0.3988648056983948
0.3647490441799164
0.32768702507019043
0.48951736092567444
0.4604002833366394
0.4956299960613251
0.46386411786079407
0.38103485107421875
0.48203709721565247
0.46429434418678284
0.6035698652267456
0.5035696625709534
0.4726904034614563
0.5503527522087097
0.40860041975975037
0.37880998849868774
0.4774394631385803
0.4277135729789734
0.3796907961368561
0.5761685371398926
0.44492384791374207
0.37678781151771545
0.39686504006385803
0.42465853691101074
0.49132969975471497
0.4264926016330719
0.4603031277656555
0.3962680399417877
0.3727570176124573
0.4291514754295349
0.523061215877533
0.5543859004974365
0.3088018298149109
0.5006645321846008
0.6395089626312256
0.4247366786003113
0.4489738941192627
0.5524704456329346
0.40150564908981323
0.36734411120414734
0.5153259634971619
0.5389777421951294
0.32745161652565
0.3190988004207611
0.535295844078064
0.36265072226524353
0.4814087152481079
0.3641200363636017
0.43571937084198
0.4810813367366791
0.39629992842674255
0.3851087689399719
0.4137883484363556
0.46313193440437317
0.49675053358078003
0.4627177119255066
0.5395054817199707
0.5485230088233948
0.4833613932132721
0.3522273004055023
0.3739651143550873
0.47201675176620483
0.5584132075309753
0.5215070843696594
0.4227822721004486
0.5183693170547485
0.45051878690719604
0.45188331604003906
0.42774710059165955
0.3884040117263794
0.4500187635421753
0.312852680683136
0.4749455749988556
0.38185063004493713
0.3950425684452057
0.3865204453468323
0.4764203429222107
0.40754950046539307
0.47285863757133484
0.435700923204422
0.5097847580909729
0.4641295075416565
0.32826656103134155
0.4281027913093567
0.4609009027481079
0.402127206325531
0.485187292098999
0.459644615650177
0.5233484506607056
0.32474249601364136
0.5759276747703552
0.3728550374507904
0.41198134422302246
0.5080572962760925
0.33940380811691284
0.45691540837287903
0.5059021711349487
0.3543299734592438
0.35497137904167175
0.37327441573143005
0.44134506583213806
0.26649904251098633
0.4024381637573242
0.5250496864318848
0.40852856636047363
0.30997446179389954
0.5576626658439636
0.3849164843559265
0.3366551101207733
0.44672396779060364
0.45174723863601685
0.4531387984752655
0.3663228750228882
0.4004327058792114
0.37079283595085144
0.5492087602615356
0.34723636507987976
0.36585840582847595
0.39736393094062805
0.44885918498039246
0.3518986701965332
0.33918485045433044
0.4049886167049408
0.4687178432941437
0.3334921598434448
0.38829872012138367
0.5723400712013245
0.38890963792800903
0.4272419810295105
0.3925652503967285
0.4812186360359192
0.28935569524765015
0.37720879912376404
0.3854398727416992
0.5536742210388184
0.3905559182167053
0.3837592899799347
0.3943047821521759
0.4033707082271576
0.5257168412208557
0.5330397486686707
0.37217819690704346
0.46067288517951965
0.4658201336860657
0.39110082387924194
0.4029773771762848
0.41236525774002075
0.39316943287849426
0.4884994626045227
0.42204901576042175
0.2693139612674713
0.5434601902961731
0.4405151307582855
0.46328794956207275
0.5379540920257568
0.34729501605033875
0.47028225660324097
0.4266144931316376
0.4242211878299713
0.584579586982727
0.45492568612098694
0.34566307067871094
0.3708925247192383
0.29563769698143005
0.3489457368850708
0.5740616917610168
0.4206736385822296
0.4194769859313965
0.4956264793872833
0.432767391204834
0.39375653862953186
0.5799193382263184
0.3561042845249176
0.5120940804481506
0.4077911972999573
0.5847549438476562
0.43786317110061646
0.3005896210670471
0.34809425473213196
0.3868217170238495
0.306226909160614
0.4230009913444519
0.3848825693130493
0.5500287413597107
0.43555042147636414
0.46349453926086426
0.4468901753425598
0.40382933616638184
0.3399379253387451
0.45772266387939453
0.38661423325538635
0.387066125869751
0.4948956370353699
0.45294222235679626
0.4447055757045746
0.318115234375
0.4021838903427124
0.46121156215667725
0.41887587308883667
0.44335395097732544
0.38006699085235596
0.45272204279899597
0.5383638143539429
0.5388424396514893
0.456981897354126
0.36780062317848206
0.4409857392311096
0.4034631848335266
0.28182101249694824
0.5146471858024597
0.3560557961463928
0.29390645027160645
0.44959625601768494
0.40727734565734863
0.45627743005752563
0.4219527840614319
0.4102800786495209
0.3135499954223633
0.40325045585632324
0.38495969772338867
0.31613466143608093
0.38482144474983215
0.3585987389087677
0.33659350872039795
0.30977514386177063
0.3649449050426483
0.408509761095047
0.3258790969848633
0.44489917159080505
0.3682660162448883
0.4353756308555603
0.3797467052936554
0.5087226033210754
0.5368278622627258
0.44455283880233765
0.45189520716667175
0.4943799078464508
0.46833929419517517
0.4608508050441742
0.32617348432540894
0.44237640500068665
0.34364616870880127
0.34768539667129517
0.5837535262107849
0.438571572303772
0.4746309816837311
0.5034984946250916
0.5083485841751099
0.437430202960968
0.3682539165019989
0.4317398965358734
0.35688650608062744
0.49588507413864136
0.5065311789512634
0.39021819829940796
0.39182138442993164
0.3809095323085785
0.4047110676765442
0.49872708320617676
0.31297561526298523
0.37610694766044617
0.49703267216682434
0.420073539018631
0.5389758348464966
0.3874623775482178
0.3040960133075714
0.3910999596118927
0.3489278256893158
0.3381127119064331
0.43444520235061646
0.4555025100708008
0.48336946964263916
0.38073164224624634
0.4496981203556061
0.3597336709499359
0.35391882061958313
0.33036068081855774
0.47585901618003845
0.42166587710380554
0.4914688766002655
0.440082848072052
0.40367236733436584
0.40152373909950256
0.37322768568992615
0.4276250898838043
0.42170584201812744
0.3150533139705658
0.39540138840675354
0.3985918164253235
0.3869428336620331
0.37098780274391174
0.4105056822299957
0.2554970383644104
0.3020346462726593
0.2634769082069397
0.43207910656929016
0.38500484824180603
0.3605562448501587
0.5019554495811462
0.39654406905174255
0.37100258469581604
0.37140119075775146
0.3736824691295624
0.42457324266433716
0.3761747181415558
0.3312433063983917
0.4963267743587494
0.3925303816795349
0.33307746052742004
0.3967764675617218
0.4007585942745209
0.34298282861709595
0.35626399517059326
0.3533216714859009
0.5999163389205933
0.3361019790172577
0.43483278155326843
0.3260514438152313
0.4598042368888855
0.441740483045578
0.41697120666503906
0.4462815523147583
0.3925122022628784
0.42509180307388306
0.36401620507240295
0.510697603225708
0.43105536699295044
0.37163111567497253
0.3939371705055237
0.33860862255096436
0.33845365047454834
0.37006911635398865
0.49223119020462036
0.42962610721588135
0.41771456599235535
0.43964943289756775
0.3699938952922821
0.42617055773735046
0.3795548677444458
0.32747530937194824
0.46008390188217163
0.49112561345100403
0.3761543333530426
0.40642067790031433
0.3466583788394928
0.4305281639099121
0.33217597007751465
0.3725987374782562
0.41508135199546814
0.32813534140586853
0.5227571725845337
0.4269241392612457
0.3445824384689331
0.3268440365791321
0.47880879044532776
0.4039873480796814
0.41977590322494507
0.4570891261100769
0.3740091919898987
0.33882150053977966
0.37429559230804443
0.3920161724090576
0.41410255432128906
0.37577468156814575
0.413433700799942
0.3008345663547516
0.36942052841186523
0.3273380994796753
0.4259262681007385
0.3603768050670624
0.3808157742023468
0.36941036581993103
0.3851267695426941
0.37597599625587463
0.3915655016899109
0.36874592304229736
0.34183359146118164
0.44806015491485596
0.39038923382759094
0.44255712628364563
0.39507853984832764
0.34798941016197205
0.4596065580844879
0.5434303879737854
0.3833473026752472
0.3830922544002533
0.516225278377533
0.3633435070514679
0.32327166199684143
0.3987239897251129
0.4636334180831909
0.3414871394634247
0.5126009583473206
0.2880425453186035
0.3210323452949524
0.41432201862335205
0.32300782203674316
0.4917660653591156
0.24224205315113068
0.4421589970588684
0.3029913604259491
0.4296610355377197
0.4052545726299286
0.37168383598327637
0.39865055680274963
0.38736432790756226
0.42086061835289
0.3996746242046356
0.37175628542900085
0.29706642031669617
0.5204380750656128
0.48577040433883667
0.373836487531662
0.3965633809566498
0.2584086060523987
0.3109174966812134
0.5194765329360962
0.5490598678588867
0.36554229259490967
0.34113940596580505
0.3227943778038025
0.3827892243862152
0.3914836347103119
0.2917962968349457
0.45276787877082825
0.35376885533332825
0.341875821352005
0.4184234142303467
0.2600764036178589
0.35730332136154175
0.49318191409111023
0.28996720910072327
0.3502187132835388
0.39591410756111145
0.36550697684288025
0.2879258394241333
0.32165104150772095
0.29627007246017456
0.5664076805114746
0.27733463048934937
0.4046320617198944
0.3770928680896759
0.2984141409397125
0.4532579779624939
0.27920880913734436
0.3380827009677887
0.37869131565093994
0.35417109727859497
0.40312284231185913
0.40501612424850464
0.41110771894454956
0.42547982931137085
0.3319844901561737
0.43005579710006714
0.460732638835907
0.39692455530166626
0.37266671657562256
0.3550064265727997
0.3397531509399414
0.4813588857650757
0.4037913680076599
0.4553970694541931
0.371820330619812
0.38427436351776123
0.5155684947967529
0.367721825838089
0.25405359268188477
0.35405486822128296
0.3972019553184509
0.35866671800613403
0.27734047174453735
0.26591864228248596
0.4408992528915405
0.4363504946231842
0.39484769105911255
0.4272518754005432
0.37788358330726624
0.31649214029312134
0.3136924207210541
0.30490508675575256
0.42202675342559814
0.3449530005455017
0.46820762753486633
0.28073447942733765
0.36663350462913513
0.3032642602920532
0.4805937707424164
0.3254240155220032
0.3873692452907562
0.4227239787578583
0.4397832155227661
0.3681081533432007
0.39756330847740173
0.38241714239120483
0.4261517822742462
0.3936194181442261
0.34836748242378235
0.5707814693450928
0.38158896565437317
0.3222982883453369
0.3718135952949524
0.4643787741661072
0.36144405603408813
0.3550271987915039
0.43678486347198486
0.3397628962993622
0.3333440124988556
0.45062586665153503
0.44404706358909607
0.3093021810054779
0.2691774368286133
0.32081153988838196
0.34275251626968384
0.46011102199554443
0.3069581091403961
0.2811278700828552
0.3527204096317291
0.30625516176223755
0.4039188325405121
0.39365217089653015
0.37390169501304626
0.3379291892051697
0.35525280237197876
0.3262093663215637
0.458212286233902
0.31197670102119446
0.43973419070243835
0.4592791199684143
0.38713106513023376
0.29711228609085083
0.39330700039863586
0.33024755120277405
0.45698368549346924
0.3248794376850128
0.46867820620536804
0.3077351152896881
0.4060409665107727
0.5119802355766296
0.3432754576206207
0.30567798018455505
0.5088661313056946
0.5117563009262085
0.34730207920074463
0.3197678327560425
0.3582988381385803
0.4337141513824463
0.3260953426361084
0.3389066457748413
0.3637971580028534
0.3227350115776062
0.2853286862373352
0.3864581286907196
0.43712982535362244
0.281482458114624
0.37491321563720703
0.45357438921928406
0.4473761022090912
0.33676132559776306
0.37181004881858826
0.3528747856616974
0.42184484004974365
0.37952321767807007
0.31360575556755066
0.2746469974517822
0.37411266565322876
0.3924078941345215
0.40697476267814636
0.3630366325378418
0.43260881304740906
0.34838545322418213
0.34023264050483704
0.4127238094806671
0.42493221163749695
0.4047073423862457
0.3477560579776764
0.40319833159446716
0.36094018816947937
0.31736648082733154
0.37597405910491943
0.4193127751350403
0.37104615569114685
0.41676586866378784
0.21027806401252747
0.3920212686061859
0.2928939759731293
0.36155691742897034
0.26774510741233826
0.31845998764038086
0.3720809817314148
0.36268317699432373
0.2765052318572998
0.34530603885650635
0.34401723742485046
0.3798910975456238
0.3513320982456207
0.3536927103996277
0.5674933195114136
0.27643540501594543
0.3349996507167816
0.33869054913520813
0.4169284403324127
0.41448119282722473
0.3542347252368927
0.3371492326259613
0.3959238529205322
0.3116437494754791
0.3239893615245819
0.3885987102985382
0.3056783378124237
0.34825390577316284
0.3560029864311218
0.3730734586715698
0.4451887607574463
0.44075262546539307
0.35976991057395935
0.548190176486969
0.43702515959739685
0.45520028471946716
0.3331717550754547
0.4353305995464325
0.3874756991863251
0.48607137799263
0.37882500886917114
0.37332168221473694
0.3424060642719269
0.34531328082084656
0.38930052518844604
0.3449538052082062
0.3181902766227722
0.40928009152412415
0.48818686604499817
0.4156114459037781
0.3197457492351532
0.33879297971725464
0.34918099641799927
0.3569870591163635
0.406132310628891
0.528071403503418
0.5915800333023071
0.35519179701805115
0.4335884153842926
0.25724557042121887
0.5459879040718079
0.3020212650299072
0.36840254068374634
0.29765695333480835
0.27413755655288696
0.542441725730896
0.4124259054660797
0.44412222504615784
0.3839099705219269
0.3180501163005829
0.3744427561759949
0.3586440682411194
0.36455801129341125
0.3310719132423401
0.44420701265335083
0.317893922328949
0.4162983000278473
0.33784154057502747
0.4236304461956024
0.30345606803894043
0.43000590801239014
0.44591444730758667
0.3565216064453125
0.37765637040138245
0.34795352816581726
0.41377729177474976
0.281984806060791
0.2571388781070709
0.35753992199897766
0.31868913769721985
0.2757447063922882
0.3121790885925293
0.36213329434394836
0.2883637547492981
0.3968595564365387
0.3333539366722107
0.3017140030860901
0.33237600326538086
0.47731995582580566
0.33091193437576294
0.37323421239852905
0.298880398273468
0.38498806953430176
0.45644238591194153
0.3031618893146515
0.4553779363632202
0.297573447227478
0.36947885155677795
0.5395869612693787
0.3947051167488098
0.3310357630252838
0.41409730911254883
0.3603043556213379
0.3447861969470978
0.2795698642730713
0.36546221375465393
0.3257715702056885
0.432145893573761
0.417428582906723
0.4496611952781677
0.45450493693351746
0.3679318428039551
0.2742600739002228
0.27068185806274414
0.2855500280857086
0.4250198006629944
0.32686176896095276
0.333956778049469
0.39170894026756287
0.3662155866622925
0.37766003608703613
0.29676374793052673
0.2937726378440857
0.3425791263580322
0.3634254038333893
0.26537656784057617
0.2889983654022217
0.2861652672290802
0.30452272295951843
0.3415055274963379
0.29158923029899597
0.31169772148132324
0.45997464656829834
0.38266122341156006
0.3642650544643402
0.436905175447464
0.36013761162757874
0.42471715807914734
0.3508380055427551
0.2976594865322113
0.26014235615730286
0.45691484212875366
0.3035767674446106
0.4898006319999695
0.43178924918174744
0.368662029504776
0.2990673780441284
0.3533119559288025
0.37189069390296936
0.366179496049881
0.3260246217250824
0.3297921419143677
0.31848904490470886
0.38789767026901245
0.4144269824028015
0.47633835673332214
0.2880902588367462
0.34916967153549194
0.37034571170806885
0.5971821546554565
0.2715766429901123
0.36252251267433167
0.3234177231788635
0.28223657608032227
0.2842129170894623
0.40991508960723877
0.28890079259872437
0.33068007230758667
0.39319974184036255
0.37182390689849854
0.38281306624412537
0.2611919045448303
0.2992895245552063
0.36826038360595703
0.38256698846817017
0.39997389912605286
0.2721264064311981
0.3895832300186157
0.3368130028247833
0.3340182602405548
0.41264915466308594
0.3611401617527008
0.30512338876724243
0.47969377040863037
0.26779887080192566
0.3666853904724121
0.3509480953216553
0.40047523379325867
0.3001202344894409
0.18928304314613342
0.28632494807243347
0.3540969789028168
0.3667876124382019
0.4713745415210724
0.36444318294525146
0.3765049874782562
0.3613514006137848
0.3509060740470886
0.35699641704559326
0.2890985906124115
0.44928592443466187
0.3954380452632904
0.3546675443649292
0.5660802721977234
0.21531608700752258
0.3753543496131897
0.29336196184158325
0.33434686064720154
0.4096246659755707
0.2963249087333679
0.33397024869918823
0.3046429753303528
0.31895720958709717
0.4080941081047058
0.22174787521362305
0.28681933879852295
0.35905522108078003
0.2683611810207367
0.42409783601760864
0.4603915214538574
0.34618768095970154
0.41629546880722046
0.27608418464660645
0.3470672070980072
0.29110443592071533
0.33195433020591736
0.29689696431159973
0.44046711921691895
0.33590102195739746
0.23190660774707794
0.34463340044021606
0.21572808921337128
0.309924840927124
0.38027316331863403
0.36263731122016907
0.3752090036869049
0.3527621626853943
0.4099070727825165
0.40521344542503357
0.30684491991996765
0.28187742829322815
0.3108762800693512
0.29473647475242615
0.2632160186767578
0.31658652424812317
0.32826706767082214
0.3625131845474243
0.35551562905311584
0.2611837387084961
0.3328668177127838
0.3048546612262726
0.4128846526145935
0.3822159767150879
0.29792875051498413
0.3815936744213104
0.33948105573654175
0.2341824769973755
0.45381811261177063
0.3286748230457306
0.26662611961364746
0.3917105197906494
0.3501630425453186
0.34584686160087585
0.2804814577102661
0.2828827500343323
0.4010901153087616
0.3060348629951477
0.3268566429615021
0.5044547915458679
0.3752363622188568
0.36300554871559143
0.25875264406204224
0.27709439396858215
0.23310987651348114
0.3440272808074951
0.3120957314968109
0.3354339301586151
0.41564440727233887
0.38253822922706604
0.3582635819911957
0.30269667506217957
0.3482816517353058
0.44916418194770813
0.37481558322906494
0.34036490321159363
0.3985458314418793
0.2961879372596741
0.3954963684082031
0.3743269741535187
0.40548834204673767
0.26266929507255554
0.36860108375549316
0.2999568283557892
0.3101145327091217
0.3089512586593628
0.2844378352165222
0.3789272904396057
0.30952903628349304
0.3273695409297943
0.29435649514198303
0.344939649105072
0.357077032327652
0.3970996141433716
0.36104097962379456
0.32410234212875366
0.5032352209091187
0.3183247148990631
0.2495926022529602
0.38975122570991516
0.38281142711639404
0.3420069217681885
0.402429461479187
0.5239683985710144
0.3433133363723755
0.25945213437080383
0.4158172011375427
0.2749943137168884
0.28572770953178406
0.3148691654205322
0.35573312640190125
0.2990927994251251
0.3531412184238434
0.36561667919158936
0.39283251762390137
0.27066099643707275
0.28842851519584656
0.46874532103538513
0.3356732428073883
0.5158507227897644
0.3965287208557129
0.3148190677165985
0.35548099875450134
0.3380483090877533
0.3771962821483612
0.4172063171863556
0.38319194316864014
0.39267972111701965
0.26350340247154236
0.3423726260662079
0.36073893308639526
0.29238808155059814
0.49880462884902954
0.40581172704696655
0.3780439496040344
0.2753719389438629
0.3251033127307892
0.33818256855010986
0.2618076801300049
0.4754037857055664
0.3357018530368805
0.28279194235801697
0.21719610691070557
0.27089571952819824
0.3094547986984253
0.32149186730384827
0.3157937228679657
0.27426648139953613
0.3308984935283661
0.2557230293750763
0.3796505033969879
0.4936959147453308
0.24339425563812256
0.34501197934150696
0.4176273047924042
0.31706446409225464
0.29360324144363403
0.31325122714042664
0.18861620128154755
0.2657604515552521
0.39753666520118713
0.38592368364334106
0.5563065409660339
0.25430476665496826
0.285000205039978
0.4028686285018921
0.3169113099575043
0.32098397612571716
0.39634019136428833
0.2970310151576996
0.3517177999019623
0.3930029273033142
0.34350791573524475
0.47283220291137695
0.32707488536834717
0.34555408358573914
0.26520171761512756
0.33669888973236084
0.46617788076400757
0.29062244296073914
0.36691004037857056
0.3336176574230194
0.29130926728248596
0.29434067010879517
0.35838088393211365
0.33347076177597046
0.35205820202827454
0.29639932513237
0.3703818917274475
0.538404643535614
0.41157767176628113
0.35183459520339966
0.2809624671936035
0.26173651218414307
0.48377224802970886
0.47422170639038086
0.21965201199054718
0.3930690884590149
0.33682185411453247
0.3463251292705536
0.4086177349090576
0.3327321410179138
0.26082196831703186
0.4065179228782654
0.4605553150177002
0.3626544773578644
0.3890914022922516
0.2294013649225235
0.41141244769096375
0.2977824807167053
0.30409306287765503
0.3002648651599884
0.38598963618278503
0.4739398658275604
0.37838220596313477
0.3588411211967468
0.24193614721298218
0.26038992404937744
0.37182384729385376
0.31333428621292114
0.378317654132843
0.48052647709846497
0.3943273723125458
0.26444754004478455
0.31183645129203796
0.3211610019207001
0.31792494654655457
0.3241063952445984
0.3460420072078705
0.3707824945449829
0.23467278480529785
0.4627586603164673
0.2639586329460144
0.48742520809173584
0.39239171147346497
0.2625526785850525
0.28788062930107117
0.24185055494308472
0.3620084226131439
0.20652133226394653
0.3624091148376465
0.3894675672054291
0.43837252259254456
0.35800614953041077
0.3726905584335327
0.33705514669418335
0.48101890087127686
0.3622373938560486
0.3095802962779999
0.4357312321662903
0.26369404792785645
0.2731027901172638
0.28531011939048767
0.3136582672595978
0.4149929881095886
0.4268433749675751
0.33097630739212036
0.2579481601715088
0.3679156005382538
0.32699501514434814
0.45026591420173645
0.4101245701313019
0.35855141282081604
0.2674798369407654
0.3896564245223999
0.24149887263774872
0.3178395628929138
0.2828006148338318
0.34938955307006836
0.38133150339126587
0.3497545123100281
0.3577727675437927
0.32109880447387695
0.34756213426589966
0.2105724811553955
0.4491603374481201
0.3539743423461914
0.2995964586734772
0.2419702410697937
0.37035489082336426
0.34126943349838257
0.38865411281585693
0.23935219645500183
0.40023043751716614
0.38195836544036865
0.2988760769367218
0.3219774067401886
0.3523441553115845
0.2797532379627228
0.30779212713241577
0.2344464659690857
0.4358917772769928
0.38124948740005493
0.3533746302127838
0.32698097825050354
0.34990596771240234
0.3001573979854584
0.478868305683136
0.2916909158229828
0.318381130695343
0.3483131527900696
0.36765775084495544
0.30561065673828125
0.23441660404205322
0.18890070915222168
0.2985725402832031
0.33182844519615173
0.45352479815483093
0.30133938789367676
0.4529569745063782
0.30048882961273193
0.2356768250465393
0.2823481559753418
0.30498698353767395
0.38088780641555786
0.2673146724700928
0.281589537858963
0.44300687313079834
0.29269343614578247
0.3360593914985657
0.29074355959892273
0.2769864499568939
0.27016109228134155
0.4041741192340851
0.28325435519218445
0.39203184843063354
0.23954251408576965
0.4119721055030823
0.23850257694721222
0.3241157531738281
0.4080280363559723
0.2884378433227539
0.30242687463760376
0.31073829531669617
0.35494476556777954
0.31085705757141113
0.3656432628631592
0.3187785744667053
0.4173773229122162
0.27668771147727966
0.25168532133102417
0.23474912345409393
0.441449373960495
0.3841739892959595
0.2960955798625946
0.4243771433830261
0.31366243958473206
0.24834012985229492
0.370880126953125
0.24504292011260986
0.3495517075061798
0.4135587215423584
0.44422072172164917
0.3275589942932129
0.29359063506126404
0.35302427411079407
0.31385305523872375
0.3275192975997925
0.2233109176158905
0.2878912687301636
0.280943900346756
0.2189846783876419
0.4182606339454651
0.3980148434638977
0.3311769366264343
0.317467600107193
0.3106158971786499
0.2683643698692322
0.19426214694976807
0.30405303835868835
0.2586650550365448
0.1886243224143982
0.4005737602710724
0.3621690273284912
0.26714447140693665
0.4277018904685974
0.24423733353614807
0.369825154542923
0.46226823329925537
0.29431918263435364
0.30950427055358887
0.3684612810611725
0.3590746819972992
0.291006475687027
0.32282692193984985
0.2067161500453949
0.4107656478881836
0.3553987443447113
0.2739659547805786
0.2782212793827057
0.35530704259872437
0.31834545731544495
0.43295320868492126
0.29999619722366333
0.3806178867816925
0.22355470061302185
0.3062322437763214
0.3728424608707428
0.2711641490459442
0.4313247799873352
0.28237953782081604
0.34459325671195984
0.32432112097740173
0.3530908524990082
0.2950628399848938
0.31055623292922974
0.37366554141044617
0.21627356112003326
0.5005010366439819
0.3854035437107086
0.3545938730239868
0.2871556878089905
0.3830490708351135
0.1822594553232193
0.37088489532470703
0.380767822265625
0.24037687480449677
0.36066001653671265
0.36233529448509216
0.31889277696609497
0.22383692860603333
0.23104460537433624
0.260844349861145
0.3485531806945801
0.3580607771873474
0.36941397190093994
0.30510449409484863
0.3567071259021759
0.4182712733745575
0.36454546451568604
0.2662292718887329
0.3173936903476715
0.18435299396514893
0.37822526693344116
0.49602872133255005
0.2803918123245239
0.3336312770843506
0.4040254056453705
0.27017390727996826
0.33847907185554504
0.29259544610977173
0.41286230087280273
0.3513071835041046
0.2514113485813141
0.34762582182884216
0.30315178632736206
0.37189483642578125
0.2491421401500702
0.34384122490882874
0.3584180176258087
0.21772396564483643
0.3373156487941742
0.20844313502311707
0.3370630741119385
0.18354128301143646
0.27496156096458435
0.2264937460422516
0.31451529264450073
0.34269365668296814
0.3382570147514343
0.35701295733451843
0.2626500427722931
0.3974463939666748
0.34724631905555725
0.30582770705223083
0.39870455861091614
0.48110124468803406
0.2854592502117157
0.3989350199699402
0.23888380825519562
0.24962705373764038
0.37740692496299744
0.325469046831131
0.2816251814365387
0.2880810499191284
0.21754267811775208
0.23708540201187134
0.38714173436164856
0.28558847308158875
0.41347837448120117
0.2821398079395294
0.43608856201171875
0.3085760474205017
0.31863078474998474
0.5655809044837952
0.2683529853820801
0.22092528641223907
0.3045251965522766
0.1595693826675415
0.4235256314277649
0.35111570358276367
0.25477954745292664
0.410336434841156
0.3226335644721985
0.3044976592063904
0.35071247816085815
0.3833141624927521
0.21495139598846436
0.3315615653991699
0.33473020792007446
0.3282879590988159
0.29875168204307556
0.30245038866996765
0.28066688776016235
0.39555877447128296
0.25506916642189026
0.3796161413192749
0.2306627780199051
0.31456273794174194
0.3223181366920471
0.3744525611400604
0.3007766008377075
0.327434778213501
0.29165929555892944
0.1899895966053009
0.40660154819488525
0.4239943027496338
0.2073121815919876
0.40537309646606445
0.4160847067832947
0.3505425453186035
0.29175904393196106
0.3313935697078705
0.2764870524406433
0.28581276535987854
0.34913140535354614
0.44296208024024963
0.273908793926239
0.22369739413261414
0.2626914381980896
0.2594487965106964
0.2880484461784363
0.18313002586364746
0.41974928975105286
0.33709481358528137
0.25979453325271606
0.4618874788284302
0.29165270924568176
0.2430810034275055
0.25747010111808777
0.19799037277698517
0.37836506962776184
0.2700101435184479
0.3100477457046509
0.40969058871269226
0.2255607545375824
0.41147521138191223
0.3886750340461731
0.35904622077941895
0.2218804806470871
0.2667619287967682
0.3751513659954071
0.25510239601135254
0.2071068286895752
0.3141021728515625
0.26835811138153076
0.2243521511554718
0.4077690541744232
0.45827344059944153
0.23130781948566437
0.326992392539978
0.31353554129600525
0.35447022318840027
0.24341627955436707
0.2617771327495575
0.3647698163986206
0.29479339718818665
0.38698047399520874
0.2568734884262085
0.20610417425632477
0.22685591876506805
0.2930014431476593
0.41899698972702026
0.2111794352531433
0.3534887731075287
0.3345343768596649
0.3559914827346802
0.25316065549850464
0.41852813959121704
0.36378738284111023
0.24973730742931366
0.27979475259780884
0.2871547043323517
0.3455001413822174
0.35480356216430664
0.25700098276138306
0.3866189420223236
0.2713150978088379
0.36215245723724365
0.26364314556121826
0.323359876871109
0.28418397903442383
0.35449331998825073
0.35564377903938293
0.22696197032928467
0.3284367024898529
0.37532472610473633
0.302489697933197
0.2955631911754608
0.4035768508911133
0.1955934762954712
0.3036705255508423
0.3538878262042999
0.3586694896221161
0.34279951453208923
0.30078426003456116
0.30672675371170044
0.44979721307754517
0.31910020112991333
0.3021937310695648
0.3373051881790161
0.306772917509079
0.3884216547012329
0.25078198313713074
0.23559598624706268
0.3883340656757355
0.26718685030937195
0.34318122267723083
0.22163686156272888
0.27680471539497375
0.3127267360687256
0.31675079464912415
0.39979949593544006
0.32290711998939514
0.428800493478775
0.44199374318122864
0.31529784202575684
0.2990727722644806
0.37211164832115173
0.4223824739456177
0.33015862107276917
0.30112791061401367
0.32296445965766907
0.2580062747001648
0.3158186972141266
0.25487446784973145
0.37180769443511963
0.31962746381759644
0.2674877643585205
0.37165069580078125
0.24852128326892853
0.2579876780509949
0.35354727506637573
0.2044350802898407
0.3218923807144165
0.18842794001102448
0.32545337080955505
0.21407879889011383
0.33272871375083923
0.3911610543727875
0.40169280767440796
0.2585911154747009
0.362430602312088
0.33635005354881287
0.3382951319217682
0.5279183983802795
0.2652267515659332
0.2786925137042999
0.3066050708293915
0.304090678691864
0.31138548254966736
0.29719504714012146
0.4197433292865753
0.38512560725212097
0.3120318651199341
0.2706274390220642
0.3826179504394531
0.35620588064193726
0.34492647647857666
0.362841933965683
0.18978159129619598
0.39051553606987
0.3657376766204834
0.31859636306762695
0.2908266484737396
0.3993397355079651
0.25043174624443054
0.21395550668239594
0.3613935112953186
0.29956939816474915
0.3723236918449402
0.32116350531578064
0.26052147150039673
0.22526152431964874
0.216654434800148
0.19387401640415192
0.3452839255332947
0.2741626799106598
0.2990574240684509
0.38581836223602295
0.22153861820697784
0.26227179169654846
0.24943654239177704
0.3017703592777252
0.4535438120365143
0.3599368631839752
0.32084545493125916
0.3134932518005371
0.31846001744270325
0.2461935430765152
0.4114919602870941
0.41934362053871155
0.3374312222003937
0.26588425040245056
0.36485350131988525
0.39384377002716064
0.270317405462265
0.4352845549583435
0.39438682794570923
0.1426606923341751
0.26243895292282104
0.3830777406692505
0.2798502445220947
0.4232552945613861
0.3202936351299286
0.3030000329017639
0.29495489597320557
0.3558937609195709
0.23307666182518005
0.4339154064655304
0.4192524552345276
0.2146790474653244
0.24521219730377197
0.41217005252838135
0.5771345496177673
0.4733964502811432
0.2940201461315155
0.265646368265152
0.36685726046562195
0.27213209867477417
0.2134092003107071
0.29970160126686096
0.2691473066806793
0.423234760761261
0.343147873878479
0.2250301092863083
0.2821466624736786
0.37958839535713196
0.31423941254615784
0.367037832736969
0.3092430531978607
0.20624986290931702
0.3606690466403961
0.28562891483306885
0.24330326914787292
0.28437167406082153
0.3551481068134308
0.28056326508522034
0.21957434713840485
0.23718151450157166
0.32623016834259033
0.21550112962722778
0.3649975657463074
0.21670669317245483
0.3147240877151489
0.28930503129959106
0.36992499232292175
0.2200634777545929
0.21490254998207092
0.2616436183452606
0.38792598247528076
0.2318384051322937
0.2677064538002014
0.3073151707649231
0.23210275173187256
0.42546334862709045
0.32714927196502686
0.26741185784339905
0.2393413633108139
0.2620161473751068
0.22265349328517914
0.48687124252319336
0.4298942983150482
0.29603704810142517
0.3512151539325714
0.22473183274269104
0.3230469822883606
0.2397347092628479
0.23880307376384735
0.2305067777633667
0.31304728984832764
0.1779046505689621
0.3037484586238861
0.29687345027923584
0.6251491904258728
0.3046371340751648
0.33925649523735046
0.19763684272766113
0.27454352378845215
0.23778662085533142
0.30850550532341003
0.24084237217903137
0.24903008341789246
0.3214814066886902
0.3858937919139862
0.31492191553115845
0.3432926535606384
0.3462565541267395
0.30196061730384827
0.27879515290260315
0.2128041386604309
0.29047608375549316
0.3431919515132904
0.26299604773521423
0.3096017837524414
0.29857173562049866
0.2712028920650482
0.2560552954673767
0.3274989128112793
0.19501379132270813
0.430380642414093
0.18241268396377563
0.3352164626121521
0.371101975440979
0.3910590410232544
0.24197465181350708
0.27444159984588623
0.28603267669677734
0.23810040950775146
0.40871620178222656
0.2799343168735504
0.40877676010131836
0.34568092226982117
0.2242247760295868
0.17449764907360077
0.32081514596939087
0.2400657832622528
0.307116836309433
0.24017730355262756
0.23857037723064423
0.20720428228378296
0.33644065260887146
0.32166531682014465
0.273275762796402
0.27556222677230835
0.36206573247909546
0.21474088728427887
0.356306254863739
0.27554401755332947
0.3231140971183777
0.33353447914123535
0.2342250943183899
0.259132981300354
0.15392233431339264
0.28184568881988525
0.19080395996570587
0.29681196808815
0.18556205928325653
0.21659696102142334
0.31904885172843933
0.3098023235797882
0.2468247413635254
0.3137045204639435
0.35752981901168823
0.3068348467350006
0.2410958856344223
0.49114274978637695
0.35350388288497925
0.27751144766807556
0.2690451443195343
0.20765703916549683
0.40647226572036743
0.3281988501548767
0.42480459809303284
0.24477766454219818
0.30824014544487
0.3105151057243347
0.4402429759502411
0.4523608386516571
0.3998395800590515
0.22162115573883057
0.397533655166626
0.2615486681461334
0.27434107661247253
0.3284304440021515
0.3851293921470642
0.40042129158973694
0.30622434616088867
0.35730233788490295
0.26681992411613464
0.3798290193080902
0.31435444951057434
0.24453507363796234
0.31179723143577576
0.40483155846595764
0.35618990659713745
0.16198979318141937
0.373385488986969
0.3953538239002228
0.30795910954475403
0.21919378638267517
0.309792160987854
0.2667718231678009
0.3133690059185028
0.23877647519111633
0.3418997824192047
0.2712422013282776
0.37952399253845215
0.27892953157424927
0.18960417807102203
0.21037310361862183
0.2912217974662781
0.3722814619541168
0.1840943992137909
0.3033098876476288
0.4438660740852356
0.2621965706348419
0.2881709635257721
0.3959435522556305
0.33539503812789917
0.23426751792430878
0.304075688123703
0.28097808361053467
0.30119556188583374
0.32956501841545105
0.25763756036758423
0.21998900175094604
0.25252336263656616
0.2621351182460785
0.2744366526603699
0.2647814452648163
0.3879978060722351
0.31935036182403564
0.1889590471982956
0.4281601011753082
0.3168414235115051
0.33616581559181213
0.3763982653617859
0.3666456341743469
0.41754910349845886
0.3306894898414612
0.2665543258190155
0.32257866859436035
0.32815587520599365
0.3528725504875183
0.178135946393013
0.28945934772491455
0.23435749113559723
0.3891220986843109
0.2439907193183899
0.2474566549062729
0.378116250038147
0.1418955773115158
0.2781774401664734
0.27939581871032715
0.29192018508911133
0.3401116132736206
0.23095177114009857
0.25951844453811646
0.3728056848049164
0.3129917085170746
0.26533859968185425
0.4174221456050873
0.2540178894996643
0.2731013000011444
0.31483492255210876
0.2810544967651367
0.33757540583610535
0.3589054346084595
0.31812363862991333
0.45893052220344543
0.3042829632759094
0.19762681424617767
0.2275790572166443
0.3880457878112793
0.35078489780426025
0.33513423800468445
0.335398405790329
0.2643604278564453
0.16161707043647766
0.3115484118461609
0.3144747316837311
0.22512005269527435
0.30504897236824036
0.33741500973701477
0.2992032468318939
0.3403858542442322
0.25302746891975403
0.2835117280483246
0.25863203406333923
0.3120993375778198
0.221024751663208
0.25501054525375366
0.3194091320037842
0.3634185194969177
0.35327205061912537
0.24763856828212738
0.2161865085363388
0.32463157176971436
0.19471047818660736
0.31618091464042664
0.31183767318725586
0.28680315613746643
0.22762587666511536
0.275147944688797
0.29758763313293457
0.3481121361255646
0.3526355028152466
0.1872820407152176
0.23852379620075226
0.28549522161483765
0.22971317172050476
0.2766641676425934
0.42938899993896484
0.3197696805000305
0.23395726084709167
0.297588974237442
0.31604552268981934
0.19517789781093597
0.2916523516178131
0.23559771478176117
0.29866304993629456
0.23001325130462646
0.276594877243042
0.3722095787525177
0.3399442732334137
0.21149936318397522
0.282463014125824
0.2551443874835968
0.3582441210746765
0.29983365535736084
0.2442653924226761
0.21455392241477966
0.16789118945598602
0.3810933828353882
0.34183260798454285
0.339466392993927
0.28645059466362
0.3214323818683624
0.32038694620132446
0.3214685320854187
0.25642016530036926
0.33408838510513306
0.3240197002887726
0.30991992354393005
0.32515835762023926
0.22256460785865784
0.2972767651081085
0.34520748257637024
0.2718541622161865
0.22470061480998993
0.3385312557220459
0.2749429941177368
0.16916222870349884
0.1533496379852295
0.3412461280822754
0.3278862237930298
0.28776147961616516
0.28147369623184204
0.3852309584617615
0.2844071090221405
0.23442192375659943
0.3777287006378174
0.34623396396636963
0.25367969274520874
0.20931701362133026
0.27882468700408936
0.22662866115570068
0.1713089942932129
0.31695738434791565
0.38313165307044983
0.30094677209854126
0.3160117566585541
0.25087881088256836
0.4141647219657898
0.27665644884109497
0.24401313066482544
0.34416356682777405
0.42299684882164
0.33653610944747925
0.17967583239078522
0.19027242064476013
0.23218409717082977
0.3082515597343445
0.306852787733078
0.3995719254016876
0.379724383354187
0.2991255223751068
0.1876465380191803
0.2799585461616516
0.3581426739692688
0.44549599289894104
0.21357643604278564
0.39809951186180115
0.2447553128004074
0.3397187292575836
0.3578703701496124
0.2787688076496124
0.28973251581192017
0.27673235535621643
0.17312206327915192
0.26523715257644653
0.2933136820793152
0.1951754242181778
0.4422016143798828
0.34934747219085693
0.15567651391029358
0.2500940263271332
0.29141971468925476
0.3085235059261322
0.43160149455070496
0.2694811522960663
0.2650499939918518
0.19789351522922516
0.35917460918426514
0.29550886154174805
0.3430529236793518
0.19961515069007874
0.19923920929431915
0.3250308334827423
0.27185481786727905
0.2926792502403259
0.17833073437213898
0.3829421103000641
0.34866398572921753
0.3086783289909363
0.2214367687702179
0.3722953200340271
0.3565143346786499
0.3904583752155304
0.2594257891178131
0.27027758955955505
0.2301269918680191
0.19516631960868835
0.3461696207523346
0.34840285778045654
0.16871409118175507
0.27867448329925537
0.21778236329555511
0.22659307718276978
0.395572304725647
0.24952645599842072
0.19877324998378754
0.2439839392900467
0.2798539996147156
0.1775026023387909
0.3580361604690552
0.25384679436683655
0.22945380210876465
0.31389275193214417
0.36162325739860535
0.31687456369400024
0.1801682561635971
0.3279797434806824
0.21155723929405212
0.2344776839017868
0.3387344181537628
0.35866111516952515
0.3075394928455353
0.3420226573944092
0.30287814140319824
0.15352988243103027
0.48592695593833923
0.39182615280151367
0.2813648283481598
0.2378731667995453
0.24373802542686462
0.4913218021392822
0.23339995741844177
0.2697809040546417
0.268317848443985
0.34428513050079346
0.23057879507541656
0.3189713954925537
0.24282881617546082
0.2617571949958801
0.28023454546928406
0.27524521946907043
0.36784762144088745
0.3840441405773163
0.332577645778656
0.2881287634372711
0.22022618353366852
0.2858680784702301
0.3366818428039551
0.20791742205619812
0.19714029133319855
0.2799549400806427
0.23256881535053253
0.21253874897956848
0.1802896410226822
0.22409997880458832
0.3352583050727844
0.33865606784820557
0.2026899755001068
0.38801243901252747
0.20529688894748688
0.13452892005443573
0.2880917489528656
0.28128278255462646
0.2451714128255844
0.1458379477262497
0.2788887619972229
0.2797193229198456
0.24175918102264404
0.33506259322166443
0.31928300857543945
0.31295472383499146
0.24442103505134583
0.2494032084941864
0.2943193316459656
0.4493446946144104
0.34289973974227905
0.22834397852420807
0.3341604471206665
0.38546329736709595
0.2703164517879486
0.31634092330932617
0.3181893527507782
0.3629317581653595
0.31134140491485596
0.3154677748680115
0.2717343866825104
0.29923540353775024
0.3117946982383728
0.23974668979644775
0.2807657718658447
0.26334279775619507
0.2729422450065613
0.23199063539505005
0.3151266276836395
0.33408284187316895
0.27938148379325867
0.30390843749046326
0.2734408974647522
0.28919634222984314
0.3047052025794983
0.23577281832695007
0.13182076811790466
0.27131927013397217
0.4005097448825836
0.30916842818260193
0.287563681602478
0.34876757860183716
0.2584405243396759
0.2869894206523895
0.3104442358016968
0.2543126344680786
0.2384178340435028
0.3233771026134491
0.18303479254245758
0.35969701409339905
0.28967729210853577
0.21293479204177856
0.37430810928344727
0.3535013794898987
0.2633172869682312
0.2562313377857208
0.3192712068557739
0.29942721128463745
0.2588944137096405
0.2307313084602356
0.34324055910110474
0.24128974974155426
0.35642144083976746
0.24259614944458008
0.26154598593711853
0.3082084655761719
0.36058294773101807
0.2127288579940796
0.197098508477211
0.18857775628566742
0.2420274019241333
0.28452548384666443
0.24600033462047577
0.2729654014110565
0.3415965437889099
0.3122166097164154
0.3276885747909546
0.2522287964820862
0.2470124512910843
0.16864825785160065
0.3469373881816864
0.2212972193956375
0.25680288672447205
0.30056318640708923
0.2991974353790283
0.3656190037727356
0.29866406321525574
0.3202343285083771
0.17506520450115204
0.2650507390499115
0.2482926845550537
0.2214919775724411
0.33690473437309265
0.2474021017551422
0.2370080202817917
0.26971927285194397
0.22936278581619263
0.20511896908283234
0.19621358811855316
0.20809784531593323
0.2572493553161621
0.3580726087093353
0.22639933228492737
0.21040494740009308
0.30011627078056335
0.31484168767929077
0.20822742581367493
0.18948602676391602
0.347246378660202
0.32686978578567505
0.40198493003845215
0.26435407996177673
0.23789671063423157
0.2299206554889679
0.24768728017807007
0.1836339682340622
0.3425692021846771
0.2640531659126282
0.3275209069252014
0.26458486914634705
0.3037041127681732
0.3170228898525238
0.2629915773868561
0.2627461552619934
0.3498822748661041
0.358287513256073
0.23179344832897186
0.3494332432746887
0.1805061250925064
0.3626643419265747
0.2556125819683075
0.3892456889152527
0.23752190172672272
0.24710725247859955
0.2642219662666321
0.1872754842042923
0.19688990712165833
0.31595513224601746
0.329492449760437
0.34516429901123047
0.2541913390159607
0.1900179386138916
0.26093584299087524
0.21181116998195648
0.4314911663532257
0.21977201104164124
0.20674747228622437
0.3338280916213989
0.2828418016433716
0.3496420383453369
0.36267945170402527
0.42254120111465454
0.17570732533931732
0.31338605284690857
0.21711502969264984
0.3064875900745392
0.20098991692066193
0.24092218279838562
0.2478250414133072
0.2666074335575104
0.29515016078948975
0.3138173520565033
0.2567412257194519
0.24435745179653168
0.20784303545951843
0.204186350107193
0.26782920956611633
0.33279484510421753
0.3513462543487549
0.28406789898872375
0.30745112895965576
0.25331759452819824
0.47594502568244934
0.26332250237464905
0.45389696955680847
0.18136373162269592
0.44021061062812805
0.3777369260787964
0.2394176572561264
0.23387984931468964
0.5150185227394104
0.3021543622016907
0.2984004318714142
0.2971980571746826
0.20165370404720306
0.25425153970718384
0.24284158647060394
0.26908445358276367
0.2801852524280548
0.2772601544857025
0.30103111267089844
0.30705347657203674
0.20974628627300262
0.3291066884994507
0.2579221725463867
0.40121206641197205
0.30381935834884644
0.3208439350128174
0.3234277665615082
0.33185654878616333
0.2500964403152466
0.34704825282096863
0.3979252874851227
0.34255313873291016
0.2628558576107025
0.2770048677921295
0.23398669064044952
0.28881487250328064
0.19863642752170563
0.2475064992904663
0.2749405801296234
0.29828786849975586
0.2935948073863983
0.3859129548072815
0.23897933959960938
0.2465643733739853
0.232121542096138
0.2755703032016754
0.3223937749862671
0.3876766264438629
0.3276260197162628
0.3823527991771698
0.17481112480163574
0.22350387275218964
0.25412166118621826
0.2935611307621002
0.2571929693222046
0.3023238778114319
0.3210599422454834
0.21490073204040527
0.2564482092857361
0.23703786730766296
0.33639389276504517
0.23987069725990295
0.43142232298851013
0.2692451477050781
0.25839054584503174
0.21007147431373596
0.3551698327064514
0.3331548571586609
0.36497068405151367
0.31526294350624084
0.18800078332424164
0.2956812381744385
0.30099883675575256
0.33877167105674744
0.31892719864845276
0.334757000207901
0.2830495834350586
0.21220460534095764
0.21541737020015717
0.3549266755580902
0.2795613706111908
0.2835547924041748
0.21483838558197021
0.29754331707954407
0.34543758630752563
0.17557336390018463
0.2726392149925232
0.23703017830848694
0.28217431902885437
0.33335888385772705
0.36140477657318115
0.3270896077156067
0.32759132981300354
0.2828179895877838
0.4144519567489624
0.3029201030731201
0.31210094690322876
0.31491655111312866
0.36519306898117065
0.3509534001350403
0.232670858502388
0.29226037859916687
0.37433576583862305
0.26889994740486145
0.3642714023590088
0.32325899600982666
0.41127637028694153
0.3206828534603119
0.27645230293273926
0.29010310769081116
0.3020382225513458
0.3797256350517273
0.2588474750518799
0.19846008718013763
0.14863869547843933
0.15555454790592194
0.28162163496017456
0.22479745745658875
0.24500450491905212
0.2767118215560913
0.28384315967559814
0.34528422355651855
0.3049391806125641
0.23940518498420715
0.41467517614364624
0.1997275948524475
0.23805230855941772
0.23033985495567322
0.3445199728012085
0.1268453598022461
0.3156697750091553
0.2943980395793915
0.3013667166233063
0.26765450835227966
0.20645099878311157
0.24225886166095734
0.41896679997444153
0.28136205673217773
0.3836369216442108
0.3054850399494171
0.44862622022628784
0.1506635695695877
0.32309845089912415
0.24482354521751404
0.2719171941280365
0.18571259081363678
0.22530102729797363
0.26675379276275635
0.3780257999897003
0.18480239808559418
0.24569348990917206
0.33779481053352356
0.24677233397960663
0.2147250920534134
0.2563428282737732
0.22652758657932281
0.26880717277526855
0.37696680426597595
0.26301828026771545
0.22977498173713684
0.2530837059020996
0.27373430132865906
0.3624836802482605
0.20919683575630188
0.21243229508399963
0.30392855405807495
0.2892686426639557
0.4239744544029236
0.2292240560054779
0.17668218910694122
0.23810075223445892
0.36355119943618774
0.19909220933914185
0.22263513505458832
0.228054016828537
0.18728703260421753
0.2235678881406784
0.4051315486431122
0.28720390796661377
0.17850717902183533
0.38848191499710083
0.2767532169818878
0.15725895762443542
0.3029208183288574
0.1341005563735962
0.24653343856334686
0.1982271671295166
0.25731661915779114
0.31518226861953735
0.2481371909379959
0.319755494594574
0.2893197536468506
0.19202086329460144
0.2277822345495224
0.3782930076122284
0.19262127578258514
0.20317906141281128
0.354960173368454
0.20940035581588745
0.20470519363880157
0.32149961590766907
0.19118911027908325
0.25452718138694763
0.27925097942352295
0.2614869773387909
0.2229468673467636
0.1961321383714676
0.20621030032634735
0.40073245763778687
0.20634515583515167
0.2542017698287964
0.24027495086193085
0.4907734990119934
0.3427331745624542
0.2748090922832489
0.21467070281505585
0.35302555561065674
0.23549461364746094
0.17358845472335815
0.26374781131744385
0.3673276901245117
0.32272663712501526
0.4493218958377838
0.23776490986347198
0.29514414072036743
0.3271420896053314
0.28712642192840576
0.2493618130683899
0.26047244668006897
0.29817402362823486
0.4082237780094147
0.368293434381485
0.26651495695114136
0.28883713483810425
0.369441956281662
0.19758599996566772
0.20669415593147278
0.2361135631799698
0.2940530478954315
0.2519035041332245
0.24149538576602936
0.23184487223625183
0.2896110415458679
0.30725425481796265
0.18507379293441772
0.266350120306015
0.370503693819046
0.3979920744895935
0.4028964936733246
0.307363897562027
0.2747820317745209
0.2057202309370041
0.48243290185928345
0.2736137807369232
0.26119181513786316
0.2745402455329895
0.1899164319038391
0.21859611570835114
0.2536395490169525
0.16946542263031006
0.3003443479537964
0.3663933575153351
0.3093425929546356
0.24270619451999664
0.2280002236366272
0.31666988134384155
0.26158130168914795
0.29966768622398376
0.28469887375831604
0.3520711660385132
0.2819329798221588
0.21824687719345093
0.19478212296962738
0.34951749444007874
0.31364551186561584
0.2903279662132263
0.23908258974552155
0.24985626339912415
0.24150557816028595
0.13939379155635834
0.33325058221817017
0.24612438678741455
0.2275751829147339
0.32857680320739746
0.22338555753231049
0.21443666517734528
0.2744142413139343
0.38250476121902466
0.3085538148880005
0.4793826937675476
0.36817169189453125
0.3887440264225006
0.29954057931900024
0.2916107177734375
0.21761931478977203
0.5417352914810181
0.16458167135715485
0.30144384503364563
0.3509158194065094
0.2648319900035858
0.2329477071762085
0.31336697936058044
0.2089451402425766
0.18337711691856384
0.2425418645143509
0.16260775923728943
0.14412987232208252
0.24763311445713043
0.22771017253398895
0.23632167279720306
0.5102498531341553
0.38036876916885376
0.33340317010879517
0.32687240839004517
0.32575955986976624
0.41094741225242615
0.24955028295516968
0.3650640845298767
0.21980537474155426
0.22985602915287018
0.2478935420513153
0.2359093874692917
0.35129547119140625
0.38375312089920044
0.26210859417915344
0.2828490138053894
0.266957551240921
0.2648269236087799
0.4604393243789673
0.1986166536808014
0.31539541482925415
0.2597748041152954
0.28268665075302124
0.243235781788826
0.21433700621128082
0.17671306431293488
0.2588561475276947
0.3485375940799713
0.227955162525177
0.1828320026397705
0.3386397063732147
0.2299906313419342
0.13731232285499573
0.40008947253227234
0.2088250368833542
0.2551608085632324
0.3452564477920532
0.3375650942325592
0.22068315744400024
0.24836425483226776
0.439660906791687
0.21616888046264648
0.24929718673229218
0.3815830647945404
0.19519099593162537
0.23636777698993683
0.3967677354812622
0.2443402111530304
0.26220735907554626
0.25050023198127747
0.2624545991420746
0.32850947976112366
0.30649447441101074
0.2669835090637207
0.2481723576784134
0.28363990783691406
0.21258920431137085
0.1652086079120636
0.19747276604175568
0.21984919905662537
0.1494593620300293
0.22367234528064728
0.23539113998413086
0.28411865234375
0.4956520199775696
0.22777330875396729
0.43882662057876587
0.2569233775138855
0.1855449676513672
0.28614121675491333
0.14929227530956268
0.18442806601524353
0.3014242351055145
0.27121204137802124
0.3249656558036804
0.2707117199897766
0.36611685156822205
0.2918049097061157
0.19894231855869293
0.3561532497406006
0.27601906657218933
0.1744351089000702
0.5127565264701843
0.2867947816848755
0.3383297920227051
0.30221325159072876
0.22172991931438446
0.2374553084373474
0.243840754032135
0.2882228493690491
0.2291451096534729
0.430990070104599
0.3466144800186157
0.2871968746185303
0.3873938322067261
0.4005950093269348
0.28254860639572144
0.23725371062755585
0.23366321623325348
0.2580619752407074
0.2105579525232315
0.2425135374069214
0.24617287516593933
0.2261679619550705
0.23441624641418457
0.2958354353904724
0.3294786810874939
0.23561933636665344
0.16018949449062347
0.30314546823501587
0.3319889307022095
0.22748884558677673
0.25465813279151917
0.22553750872612
0.2571156620979309
0.24425308406352997
0.23215970396995544
0.28049761056900024
0.1723218560218811
0.2778362035751343
0.22439812123775482
0.2434815615415573
0.18990571796894073
0.32641834020614624
0.19595417380332947
0.16840264201164246
0.2954481840133667
0.24383193254470825
0.1595115214586258
0.2858284115791321
0.22926780581474304
0.20932097733020782
0.39541614055633545
0.2247171700000763
0.32696104049682617
0.2313154637813568
0.1934574544429779
0.20984026789665222
0.24831579625606537
0.2644653618335724
0.3484228849411011
0.21435844898223877
0.35544663667678833
0.23598584532737732
0.29898056387901306
0.1556997150182724
0.1804991066455841
0.3534805476665497
0.2571030557155609
0.21253475546836853
0.23985989391803741
0.26832515001296997
0.18439288437366486
0.23624193668365479
0.2627863585948944
0.37922534346580505
0.39180514216423035
0.20734423398971558
0.3102417588233948
0.3087504208087921
0.2895244359970093
0.18955285847187042
0.25254368782043457
0.24907875061035156
0.320372998714447
0.21789194643497467
0.26834890246391296
0.45489397644996643
0.20023581385612488
0.3345940411090851
0.2874586582183838
0.14525654911994934
0.2263285219669342
0.17023275792598724
0.20588843524456024
0.2326081097126007
0.21776670217514038
0.2179933488368988
0.3319242298603058
0.2907942533493042
0.29426243901252747
0.2493181973695755
0.3122677505016327
0.17822988331317902
0.318488746881485
0.22800327837467194
0.1929701566696167
0.27930206060409546
0.23588454723358154
0.24664919078350067
0.21172769367694855
0.3809892535209656
0.3453735113143921
0.2544914484024048
0.35178956389427185
0.16587039828300476
0.2556842863559723
0.3852733373641968
0.2868180572986603
0.28675568103790283
0.25491267442703247
0.18434488773345947
0.25850000977516174
0.36566150188446045
0.2139706015586853
0.2840878963470459
0.33874863386154175
0.26974374055862427
0.3955632448196411
0.35371267795562744
0.2042231410741806
0.23207488656044006
0.2377721518278122
0.3669702112674713
0.2750070095062256
0.24839529395103455
0.2001018524169922
0.23255574703216553
0.5104683637619019
0.2657836377620697
0.3479119837284088
0.25538089871406555
0.29773271083831787
0.18496590852737427
0.4139384627342224
0.3072874844074249
0.244843989610672
0.2822526693344116
0.1645425260066986
0.22803734242916107
0.3026311695575714
0.22945226728916168
0.24985839426517487
0.20292486250400543
0.29238563776016235
0.26831915974617004
0.23248088359832764
0.1781383454799652
0.2900070548057556
0.3694293797016144
0.22077730298042297
0.26205313205718994
0.24939700961112976
0.17028139531612396
0.2667475938796997
0.3139244019985199
0.23017644882202148
0.18565218150615692
0.2026643604040146
0.3437812030315399
0.24703624844551086
0.2001793086528778
0.21342197060585022
0.24310584366321564
0.22126834094524384
0.21877503395080566
0.2906258702278137
0.2920650243759155
0.35208776593208313
0.28920552134513855
0.14291328191757202
0.22807492315769196
0.2065393626689911
0.3469376564025879
0.15279877185821533
0.2993835508823395
0.46510517597198486
0.33304503560066223
0.2925017476081848
0.3077694773674011
0.2052413523197174
0.37618690729141235
0.2846894860267639
0.184208944439888
0.24226918816566467
0.34354928135871887
0.24726298451423645
0.21207036077976227
0.3283030390739441
0.3160646855831146
0.22769248485565186
0.20074811577796936
0.36356261372566223
0.3065580129623413
0.18836423754692078
0.1968812495470047
0.27368658781051636
0.27113640308380127
0.17847968637943268
0.23328843712806702
0.3311745524406433
0.21388092637062073
0.3092847466468811
0.22059962153434753
0.2028214931488037
0.21787582337856293
0.28924065828323364
0.2163269817829132
0.2931469976902008
0.3650238513946533
0.2998250424861908
0.17210452258586884
0.2774512767791748
0.2943198084831238
0.1779729574918747
0.3701289892196655
0.23443973064422607
0.1902431845664978
0.27487415075302124
0.17886386811733246
0.25285279750823975
0.30758407711982727
0.3436017334461212
0.20475660264492035
0.27824532985687256
0.18379205465316772
0.20456834137439728
0.2102588266134262
0.20515361428260803
0.2528561055660248
0.33817771077156067
0.23151786625385284
0.28530678153038025
0.18102587759494781
0.17679516971111298
0.37392690777778625
0.2802322506904602
0.22271795570850372
0.19654199481010437
0.22928392887115479
0.17191796004772186
0.2647753059864044
0.22604525089263916
0.23883754014968872
0.3215986490249634
0.3408298194408417
0.3752155601978302
0.3002118170261383
0.3057985007762909
0.2644256353378296
0.32635629177093506
0.2240988165140152
0.22296878695487976
0.2457476109266281
0.21984754502773285
0.3848254680633545
0.1648358404636383
0.22773826122283936
0.22888891398906708
0.28185394406318665
0.23834377527236938
0.16839469969272614
0.21178971230983734
0.14889922738075256
0.26845893263816833
0.15407288074493408
0.3249782919883728
0.3155938386917114
0.3746848404407501
0.14152589440345764
0.20895783603191376
0.13638821244239807
0.31307679414749146
0.24331596493721008
0.25081542134284973
0.2955488860607147
0.19667445123195648
0.24201160669326782
0.18222297728061676
0.1461845338344574
0.4020458161830902
0.20991265773773193
0.27352455258369446
0.1758253276348114
0.33466312289237976
0.19939909875392914
0.3108806908130646
0.24382269382476807
0.23868423700332642
0.21160346269607544
0.3960326910018921
0.20502211153507233
0.2632565200328827
0.2899707853794098
0.3348671793937683
0.2601202726364136
0.2338958978652954
0.30561739206314087
0.18592552840709686
0.2544199526309967
0.2274356484413147
0.18406319618225098
0.27631309628486633
0.3132191002368927
0.3053855895996094
0.31471171975135803
0.38859304785728455
0.2789284288883209
0.19674056768417358
0.27317771315574646
0.274730384349823
0.2398151457309723
0.3151191771030426
0.2088140994310379
0.2974219024181366
0.15577128529548645
0.31899940967559814
0.3100927770137787
0.4573439657688141
0.1782679706811905
0.27771061658859253
0.2927592694759369
0.1748737245798111
0.16066907346248627
0.278472363948822
0.305362731218338
0.2267782837152481
0.23719581961631775
0.311855286359787
0.25795090198516846
0.19154790043830872
0.2555030882358551
0.26971447467803955
0.29432401061058044
0.32491740584373474
0.3129507005214691
0.21250739693641663
0.1919296532869339
0.2515486478805542
0.24144606292247772
0.21916146576404572
0.32835471630096436
0.28415125608444214
0.29338517785072327
0.2712632119655609
0.35194504261016846
0.24892371892929077
0.12674470245838165
0.3495922386646271
0.21787793934345245
0.3123789131641388
0.18870115280151367
0.2324487417936325
0.21207253634929657
0.30246981978416443
0.2665514647960663
0.20406270027160645
0.3695295453071594
0.25233733654022217
0.39082369208335876
0.3023086488246918
0.28014251589775085
0.33381378650665283
0.30359354615211487
0.16351617872714996
0.28110092878341675
0.26091745495796204
0.34662094712257385
0.27505382895469666
0.29095545411109924
0.38814499974250793
0.2174965888261795
0.17076517641544342
0.2061917632818222
0.1805923879146576
0.27663207054138184
0.2531279921531677
0.1695510745048523
0.14067929983139038
0.24639268219470978
0.27220234274864197
0.3874532878398895
0.2737061679363251
0.30612272024154663
0.2982131838798523
0.2976631224155426
0.20654840767383575
0.3338664472103119
0.21765275299549103
0.1795312464237213
0.24711790680885315
0.2703016400337219
0.2992626428604126
0.11548402160406113
0.26005592942237854
0.27678778767585754
0.4167984127998352
0.1749693751335144
0.18847915530204773
0.1498631089925766
0.3984106481075287
0.365821897983551
0.33680638670921326
0.20609040558338165
0.22078396379947662
0.3834456503391266
0.1964096873998642
0.3378921151161194
0.18814337253570557
0.17758171260356903
0.2897961437702179
0.14380362629890442
0.21432244777679443
0.34520265460014343
0.1840854436159134
0.32426953315734863
0.15829172730445862
0.2641925513744354
0.32664379477500916
0.30005747079849243
0.14235727488994598
0.29672905802726746
0.1573624610900879
0.19624510407447815
0.33038780093193054
0.20942948758602142
0.3027476966381073
0.31941157579421997
0.1924159675836563
0.285835325717926
0.23515203595161438
0.15849120914936066
0.29052233695983887
0.17896616458892822
0.16472889482975006
0.28982460498809814
0.2880042493343353
0.20437361299991608
0.30121996998786926
0.23738451302051544
0.35409116744995117
0.2574820816516876
0.27964410185813904
0.2783792018890381
0.2633419632911682
0.26393282413482666
0.2456202208995819
0.21970587968826294
0.36826464533805847
0.15637096762657166
0.336778461933136
0.22980201244354248
0.26257795095443726
0.36065438389778137
0.2310038059949875
0.19477057456970215
0.2958218455314636
0.28023383021354675
0.22063815593719482
0.33724790811538696
0.26196739077568054
0.1431581974029541
0.32182928919792175
0.2952689826488495
0.16821634769439697
0.32836514711380005
0.12359713017940521
0.31700506806373596
0.3206271827220917
0.2205524444580078
0.2012774497270584
0.2866979241371155
0.23422233760356903
0.23836170136928558
0.2135343849658966
0.2465689480304718
0.2879616916179657
0.26006293296813965
0.2189505398273468
0.22977355122566223
0.32478225231170654
0.3491852283477783
0.21092428267002106
0.1964498907327652
0.2629564106464386
0.21579007804393768
0.2270650863647461
0.14695990085601807
0.22394904494285583
0.1259719431400299
0.193049818277359
0.2991449236869812
0.22583404183387756
0.24507424235343933
0.2197113186120987
0.320932537317276
0.22882035374641418
0.24932624399662018
0.20193618535995483
0.2947320342063904
0.2762261927127838
0.17339102923870087
0.30113595724105835
0.25017544627189636
0.18247833847999573
0.19681303203105927
0.20430417358875275
0.2370646744966507
0.1876087486743927
0.24075038731098175
0.25847235321998596
0.3507758378982544
0.3673839569091797
0.16289135813713074
0.31343862414360046
0.18073342740535736
0.3850235044956207
0.2877383828163147
0.19397838413715363
0.2328314632177353
0.324584037065506
0.28826284408569336
0.18118081986904144
0.2787811756134033
0.1640278697013855
0.14215876162052155
0.3972839117050171
0.2053268998861313
0.21301814913749695
0.40357500314712524
0.2983874976634979
0.18267065286636353
0.15414637327194214
0.19125401973724365
0.257436603307724
0.2938075065612793
0.341461718082428
0.33989861607551575
0.23661285638809204
0.2598957121372223
0.22122235596179962
0.25474587082862854
0.2352283000946045
0.27693819999694824
0.1988951861858368
0.36084774136543274
0.2641758322715759
0.21642886102199554
0.23266462981700897
0.12651152908802032
0.2777385413646698
0.3338526785373688
0.5468368530273438
0.26954302191734314
0.18334203958511353
0.23505692183971405
0.22638832032680511
0.2691599130630493
0.29115918278694153
0.1797185093164444
0.14350786805152893
0.2051202356815338
0.2511822581291199
0.2232249528169632
0.2477746605873108
0.15035755932331085
0.2158808559179306
0.31239351630210876
0.18952248990535736
0.35745224356651306
0.23390644788742065
0.39632439613342285
0.2513732612133026
0.21113461256027222
0.22307825088500977
0.3117554187774658
0.2744746804237366
0.3602968752384186
0.4178904592990875
0.20230387151241302
0.18097613751888275
0.2451983541250229
0.26560866832733154
0.16023723781108856
0.20524390041828156
0.2119632065296173
0.31955838203430176
0.2272813618183136
0.24882110953330994
0.2422337681055069
0.25945958495140076
0.252480149269104
0.1307506561279297
0.32332563400268555
0.2741747796535492
0.27085164189338684
0.20704181492328644
0.18866825103759766
0.14733478426933289
0.3605484068393707
0.43425852060317993
0.3430245518684387
0.331458181142807
0.22908194363117218
0.17621074616909027
0.26132363080978394
0.28861480951309204
0.24962936341762543
0.21060091257095337
0.3332924246788025
0.14923547208309174
0.24187222123146057
0.2566320598125458
0.28869518637657166
0.3305298984050751
0.2725546360015869
0.23794816434383392
0.27893495559692383
0.2635495960712433
0.24332913756370544
0.2702447474002838
0.17774683237075806
0.20990672707557678
0.19790847599506378
0.2533305287361145
0.1924608200788498
0.2473107874393463
0.2662394642829895
0.1828482747077942
0.18027207255363464
0.21568524837493896
0.32891130447387695
0.3298571705818176
0.17762388288974762
0.2557404637336731
0.22185799479484558
0.270847350358963
0.36255359649658203
0.2632262706756592
0.28115931153297424
0.16386932134628296
0.2506057322025299
0.2622383236885071
0.2510596215724945
0.14306989312171936
0.27220481634140015
0.2066706120967865
0.2787034511566162
0.2510874271392822
0.2599768042564392
0.34952592849731445
0.2303275465965271
0.18759030103683472
0.2291490137577057
0.23641230165958405
0.3548949360847473
0.23310917615890503
0.2868400812149048
0.28332826495170593
0.29278695583343506
0.18272514641284943
0.25415438413619995
0.21260571479797363
0.37081876397132874
0.29488322138786316
0.20209161937236786
0.18039587140083313
0.27311545610427856
0.24158374965190887
0.25042784214019775
0.22997219860553741
0.36766019463539124
0.26776304841041565
0.1783771514892578
0.2631455361843109
0.3203597664833069
0.27545568346977234
0.36297085881233215
0.36573800444602966
0.10809220373630524
0.28184518218040466
0.3284551501274109
0.25797590613365173
0.2142554372549057
0.2889443039894104
0.23121175169944763
0.27059316635131836
0.22868406772613525
0.25368374586105347
0.2497105449438095
0.1761743575334549
0.2913304567337036
0.23218442499637604
0.13738398253917694
0.21671554446220398
0.28621360659599304
0.3147049844264984
0.25963106751441956
0.22965788841247559
0.15750758349895477
0.24682670831680298
0.2883566915988922
0.2710703909397125
0.22130076587200165
0.2005184292793274
0.14413507282733917
0.27136480808258057
0.21662481129169464
0.19672958552837372
0.22490845620632172
0.189132422208786
0.28431838750839233
0.2528045177459717
0.31635576486587524
0.23763658106327057
0.2888375222682953
0.24921128153800964
0.3002847731113434
0.28494131565093994
0.26146161556243896
0.21730658411979675
0.17459136247634888
0.31270721554756165
0.20927515625953674
0.2035152167081833
0.2341596484184265
0.2572748363018036
0.3507158160209656
0.22215722501277924
0.1655505746603012
0.3567275106906891
0.3930440843105316
0.19506914913654327
0.151679128408432
0.2013879418373108
0.26055726408958435
0.42832493782043457
0.25488877296447754
0.2593547999858856
0.3251839280128479
0.2643585205078125
0.20127709209918976
